Time	Status code	Status category	Status color	Pgm code	Pgm step	Pgm para	Pgm cycle	mV	mA	Temperature	Duration	Charge count	Discharge count	Capacity	Analog input 1	Analog input 2	Analog input 3	Analog input 4	Digital input 1	Digital input 2	Digital input 3	Digital input 4	Digital output 1	Digital output 2	Digital output 3	Digital output 4	Analog output 1	Analog output 2	
0.000000	8	3	3	0	1	2	2	3533	550	20	26	1	0	0	0	0	0	0	0	0	0	0	0	0	0	0	0	0	
0.995033	8	3	3	0	1	2	2	3672	549	20	86	1	0	0	0	0	0	0	0	0	0	0	0	0	0	0	0	0	
2.013117	8	3	3	0	1	2	2	3758	550	20	147	1	0	0	0	0	0	0	0	0	0	0	0	0	0	0	0	0	
3.008167	8	3	3	0	1	2	2	3820	550	20	207	1	0	0	0	0	0	0	0	0	0	0	0	0	0	0	0	0	
4.004633	8	3	3	0	1	2	2	3867	550	20	267	1	0	0	0	0	0	0	0	0	0	0	0	0	0	0	0	0	
5.001117	8	3	3	0	1	2	2	3907	549	20	326	1	0	0	0	0	0	0	0	0	0	0	0	0	0	0	0	0	
5.996167	8	3	3	0	1	2	2	3939	549	20	386	1	0	0	0	0	0	0	0	0	0	0	0	0	0	0	0	0	
7.009917	8	3	3	0	1	2	2	3960	550	20	447	1	0	0	0	0	0	0	0	0	0	0	0	0	0	0	0	0	
8.006400	8	3	3	0	1	2	2	3965	549	20	507	1	0	0	0	0	0	0	0	0	0	0	0	0	0	0	0	0	
9.001433	8	3	3	0	1	2	2	3967	549	20	566	1	0	0	0	0	0	0	0	0	0	0	0	0	0	0	0	0	
9.997917	8	3	3	0	1	2	2	3970	550	20	626	1	0	0	0	0	0	0	0	0	0	0	0	0	0	0	0	0	
11.010233	8	3	3	0	1	2	2	3972	550	20	687	1	0	0	0	0	0	0	0	0	0	0	0	0	0	0	0	0	
11.999517	8	3	3	0	1	2	2	3976	550	20	746	1	0	0	0	0	0	0	0	0	0	0	0	0	0	0	0	0	
13.007517	8	3	3	0	1	2	2	3980	549	20	807	1	0	0	0	0	0	0	0	0	0	0	0	0	0	0	0	0	
14.009767	8	3	3	0	1	2	2	3984	549	20	867	1	0	0	0	0	0	0	0	0	0	0	0	0	0	0	0	0	
14.996167	8	3	3	0	1	2	2	3989	549	20	926	1	0	0	0	0	0	0	0	0	0	0	0	0	0	0	0	0	
16.004167	8	3	3	0	1	2	2	3994	549	20	986	1	0	0	0	0	0	0	0	0	0	0	0	0	0	0	0	0	
17.006400	8	3	3	0	1	2	2	4000	549	20	1047	1	0	0	0	0	0	0	0	0	0	0	0	0	0	0	0	0	
17.994233	8	3	3	0	1	2	2	4006	550	20	1106	1	0	0	0	0	0	0	0	0	0	0	0	0	0	0	0	0	
19.002233	8	3	3	0	1	2	2	4011	549	20	1166	1	0	0	0	0	0	0	0	0	0	0	0	0	0	0	0	0	
20.004483	8	3	3	0	1	2	2	4018	550	20	1227	1	0	0	0	0	0	0	0	0	0	0	0	0	0	0	0	0	
21.011033	8	3	3	0	1	2	2	4024	550	20	1287	1	0	0	0	0	0	0	0	0	0	0	0	0	0	0	0	0	
21.998883	8	3	3	0	1	2	2	4030	549	20	1346	1	0	0	0	0	0	0	0	0	0	0	0	0	0	0	0	0	
23.001117	8	3	3	0	1	2	2	4035	549	20	1406	1	0	0	0	0	0	0	0	0	0	0	0	0	0	0	0	0	
24.007683	8	3	3	0	1	2	2	4041	550	20	1467	1	0	0	0	0	0	0	0	0	0	0	0	0	0	0	0	0	
24.994083	8	3	3	0	1	2	2	4047	550	20	1526	1	0	0	0	0	0	0	0	0	0	0	0	0	0	0	0	0	
25.999200	8	3	3	0	1	2	2	4053	550	20	1586	1	0	0	0	0	0	0	0	0	0	0	0	0	0	0	0	0	
27.005767	8	3	3	0	1	2	2	4058	550	20	1647	1	0	0	0	0	0	0	0	0	0	0	0	0	0	0	0	0	
28.012317	8	3	3	0	1	2	2	4062	548	20	1707	1	0	0	0	0	0	0	0	0	0	0	0	0	0	0	0	0	
28.997283	8	3	3	0	1	2	2	4066	549	20	1766	1	0	0	0	0	0	0	0	0	0	0	0	0	0	0	0	0	
30.002400	8	3	3	0	1	2	2	4071	549	20	1826	1	0	0	0	0	0	0	0	0	0	0	0	0	0	0	0	0	
31.010400	8	3	3	0	1	2	2	4074	550	20	1887	1	0	0	0	0	0	0	0	0	0	0	0	0	0	0	0	0	
32.012633	8	3	3	0	1	2	2	4077	550	20	1947	1	0	0	0	0	0	0	0	0	0	0	0	0	0	0	0	0	
33.000483	8	3	3	0	1	2	2	4079	549	20	2006	1	0	0	0	0	0	0	0	0	0	0	0	0	0	0	0	0	
34.008483	8	3	3	0	1	2	2	4081	550	20	2067	1	0	0	0	0	0	0	0	0	0	0	0	0	0	0	0	0	
35.010717	8	3	3	0	1	2	2	4082	549	20	2127	1	0	0	0	0	0	0	0	0	0	0	0	0	0	0	0	0	
35.997117	8	3	3	0	1	2	2	4084	549	20	2186	1	0	0	0	0	0	0	0	0	0	0	0	0	0	0	0	0	
37.005117	8	3	3	0	1	2	2	4086	549	20	2246	1	0	0	0	0	0	0	0	0	0	0	0	0	0	0	0	0	
38.007367	8	3	3	0	1	2	2	4088	549	20	2307	1	0	0	0	0	0	0	0	0	0	0	0	0	0	0	0	0	
39.013917	8	3	3	0	1	2	2	4090	550	20	2367	1	0	0	0	0	0	0	0	0	0	0	0	0	0	0	0	0	
40.003200	8	3	3	0	1	2	2	4091	549	20	2426	1	0	0	0	0	0	0	0	0	0	0	0	0	0	0	0	0	
41.005433	8	3	3	0	1	2	2	4093	550	20	2487	1	0	0	0	0	0	0	0	0	0	0	0	0	0	0	0	0	
42.010567	8	3	3	0	1	2	2	4095	550	20	2547	1	0	0	0	0	0	0	0	0	0	0	0	0	0	0	0	0	
42.996967	8	3	3	0	1	2	2	4097	549	20	2606	1	0	0	0	0	0	0	0	0	0	0	0	0	0	0	0	0	
44.002083	8	3	3	0	1	2	2	4100	550	20	2666	1	0	0	0	0	0	0	0	0	0	0	0	0	0	0	0	0	
45.008633	8	3	3	0	1	2	2	4101	549	20	2727	1	0	0	0	0	0	0	0	0	0	0	0	0	0	0	0	0	
46.015200	8	3	3	0	1	2	2	4104	550	20	2787	1	0	0	0	0	0	0	0	0	0	0	0	0	0	0	0	0	
47.000167	8	3	3	0	1	2	2	4106	549	20	2846	1	0	0	0	0	0	0	0	0	0	0	0	0	0	0	0	0	
