Time	Status code	Status category	Status color	Pgm code	Pgm step	Pgm para	Pgm cycle	mV	mA	Temperature	Duration	Charge count	Discharge count	Capacity	Analog input 1	Analog input 2	Analog input 3	Analog input 4	Digital input 1	Digital input 2	Digital input 3	Digital input 4	Digital output 1	Digital output 2	Digital output 3	Digital output 4	Analog output 1	Analog output 2	
0.000000	8	3	3	0	1	2	2	4157	360	26	1	1	0	0	0	0	0	0	0	0	0	0	0	0	0	0	0	0	
0.331200	8	3	3	0	1	2	2	4196	548	26	21	1	0	0	0	0	0	0	0	0	0	0	0	0	0	0	0	0	
1.326233	8	3	3	0	1	2	2	4204	399	26	81	1	0	0	0	0	0	0	0	0	0	0	0	0	0	0	0	0	
2.344317	8	3	3	0	1	2	2	4204	329	25	142	1	0	0	0	0	0	0	0	0	0	0	0	0	0	0	0	0	
3.339367	8	3	3	0	1	2	2	4204	288	25	202	1	0	0	0	0	0	0	0	0	0	0	0	0	0	0	0	0	
4.335833	8	3	3	0	1	2	2	4204	256	25	261	1	0	0	0	0	0	0	0	0	0	0	0	0	0	0	0	0	
5.330883	8	3	3	0	1	2	2	4204	232	25	321	1	0	0	0	0	0	0	0	0	0	0	0	0	0	0	0	0	
6.343200	8	3	3	0	1	2	2	4204	210	25	382	1	0	0	0	0	0	0	0	0	0	0	0	0	0	0	0	0	
7.339683	8	3	3	0	1	2	2	4204	193	25	442	1	0	0	0	0	0	0	0	0	0	0	0	0	0	0	0	0	
8.336167	8	3	3	0	1	2	2	4204	178	25	501	1	0	0	0	0	0	0	0	0	0	0	0	0	0	0	0	0	
9.331200	8	3	3	0	1	2	2	4204	162	25	561	1	0	0	0	0	0	0	0	0	0	0	0	0	0	0	0	0	
10.346400	8	3	3	0	1	2	2	4204	149	25	622	1	0	0	0	0	0	0	0	0	0	0	0	0	0	0	0	0	
11.341433	8	3	3	0	1	2	2	4204	138	25	682	1	0	0	0	0	0	0	0	0	0	0	0	0	0	0	0	0	
12.330717	8	3	3	0	1	2	2	4204	127	25	741	1	0	0	0	0	0	0	0	0	0	0	0	0	0	0	0	0	
13.335833	8	3	3	0	1	2	2	4204	118	25	801	1	0	0	0	0	0	0	0	0	0	0	0	0	0	0	0	0	
14.342400	8	3	3	0	1	2	2	4204	110	25	862	1	0	0	0	0	0	0	0	0	0	0	0	0	0	0	0	0	
15.331683	8	3	3	0	1	2	2	4204	102	25	921	1	0	0	0	0	0	0	0	0	0	0	0	0	0	0	0	0	
16.333917	8	3	3	0	1	2	2	4204	95	25	981	1	0	0	0	0	0	0	0	0	0	0	0	0	0	0	0	0	
17.339033	8	3	3	0	1	2	2	4204	90	25	1042	1	0	0	0	0	0	0	0	0	0	0	0	0	0	0	0	0	
18.345600	8	3	3	0	1	2	2	4204	83	25	1102	1	0	0	0	0	0	0	0	0	0	0	0	0	0	0	0	0	
19.332000	8	3	3	0	1	2	2	4204	78	25	1161	1	0	0	0	0	0	0	0	0	0	0	0	0	0	0	0	0	
20.337117	8	3	3	0	1	2	2	4204	73	25	1221	1	0	0	0	0	0	0	0	0	0	0	0	0	0	0	0	0	
21.343683	8	3	3	0	1	2	2	4204	68	25	1282	1	0	0	0	0	0	0	0	0	0	0	0	0	0	0	0	0	
22.328633	8	3	3	0	1	2	2	4204	64	25	1341	1	0	0	0	0	0	0	0	0	0	0	0	0	0	0	0	0	
23.335200	8	3	3	0	1	2	2	4204	60	25	1401	1	0	0	0	0	0	0	0	0	0	0	0	0	0	0	0	0	
24.340317	8	3	3	0	1	2	2	4204	56	25	1462	1	0	0	0	0	0	0	0	0	0	0	0	0	0	0	0	0	
24.887517	8	6	3	0	2	7	1	4189	-131	25	1495	1	1	0	0	0	0	0	0	0	0	0	0	0	0	0	0	0	
25.331033	8	6	3	0	2	7	1	4114	-552	25	1521	1	1	0	0	0	0	0	0	0	0	0	0	0	0	0	0	0	
26.333283	8	6	3	0	2	7	1	4086	-548	25	1581	1	1	1	0	0	0	0	0	0	0	0	0	0	0	0	0	0	
27.339833	8	6	3	0	2	7	1	4071	-550	25	1642	1	1	1	0	0	0	0	0	0	0	0	0	0	0	0	0	0	
28.347833	8	6	3	0	2	7	1	4059	-550	25	1702	1	1	2	0	0	0	0	0	0	0	0	0	0	0	0	0	0	
29.331367	8	6	3	0	2	7	1	4049	-551	25	1761	1	1	3	0	0	0	0	0	0	0	0	0	0	0	0	0	0	
30.336483	8	6	3	0	2	7	1	4040	-549	25	1821	1	1	4	0	0	0	0	0	0	0	0	0	0	0	0	0	0	
31.341600	8	6	3	0	2	7	1	4031	-549	25	1882	1	1	5	0	0	0	0	0	0	0	0	0	0	0	0	0	0	
32.346717	8	6	3	0	2	7	1	4023	-548	25	1942	1	1	6	0	0	0	0	0	0	0	0	0	0	0	0	0	0	
33.336000	8	6	3	0	2	7	1	4014	-551	25	2001	1	1	6	0	0	0	0	0	0	0	0	0	0	0	0	0	0	
34.338233	8	6	3	0	2	7	1	4005	-549	24	2062	1	1	7	0	0	0	0	0	0	0	0	0	0	0	0	0	0	
35.344800	8	6	3	0	2	7	1	3997	-551	24	2122	1	1	8	0	0	0	0	0	0	0	0	0	0	0	0	0	0	
36.334083	8	6	3	0	2	7	1	3989	-548	25	2181	1	1	9	0	0	0	0	0	0	0	0	0	0	0	0	0	0	
37.336317	8	6	3	0	2	7	1	3981	-550	25	2241	1	1	10	0	0	0	0	0	0	0	0	0	0	0	0	0	0	
38.341433	8	6	3	0	2	7	1	3974	-548	24	2302	1	1	10	0	0	0	0	0	0	0	0	0	0	0	0	0	0	
39.349433	8	6	3	0	2	7	1	3966	-549	24	2362	1	1	11	0	0	0	0	0	0	0	0	0	0	0	0	0	0	
40.334400	8	6	3	0	2	7	1	3959	-548	24	2421	1	1	12	0	0	0	0	0	0	0	0	0	0	0	0	0	0	
41.339517	8	6	3	0	2	7	1	3951	-551	24	2482	1	1	13	0	0	0	0	0	0	0	0	0	0	0	0	0	0	
42.347517	8	6	3	0	2	7	1	3943	-550	24	2542	1	1	14	0	0	0	0	0	0	0	0	0	0	0	0	0	0	
43.331033	8	6	3	0	2	7	1	3936	-548	24	2601	1	1	15	0	0	0	0	0	0	0	0	0	0	0	0	0	0	
44.336167	8	6	3	0	2	7	1	3929	-550	24	2661	1	1	15	0	0	0	0	0	0	0	0	0	0	0	0	0	0	
45.344167	8	6	3	0	2	7	1	3922	-548	24	2722	1	1	16	0	0	0	0	0	0	0	0	0	0	0	0	0	0	
46.346400	8	6	3	0	2	7	1	3914	-546	24	2782	1	1	17	0	0	0	0	0	0	0	0	0	0	0	0	0	0	
47.334233	8	6	3	0	2	7	1	3908	-550	24	2841	1	1	18	0	0	0	0	0	0	0	0	0	0	0	0	0	0	
48.342233	8	6	3	0	2	7	1	3900	-549	24	2902	1	1	19	0	0	0	0	0	0	0	0	0	0	0	0	0	0	
49.344483	8	6	3	0	2	7	1	3893	-548	24	2962	1	1	20	0	0	0	0	0	0	0	0	0	0	0	0	0	0	
50.332317	8	6	3	0	2	7	1	3886	-549	24	3021	1	1	20	0	0	0	0	0	0	0	0	0	0	0	0	0	0	
51.338883	8	6	3	0	2	7	1	3880	-550	24	3081	1	1	21	0	0	0	0	0	0	0	0	0	0	0	0	0	0	
52.341117	8	6	3	0	2	7	1	3873	-549	24	3142	1	1	22	0	0	0	0	0	0	0	0	0	0	0	0	0	0	
53.347683	8	6	3	0	2	7	1	3866	-549	24	3202	1	1	23	0	0	0	0	0	0	0	0	0	0	0	0	0	0	
54.334083	8	6	3	0	2	7	1	3860	-550	24	3261	1	1	24	0	0	0	0	0	0	0	0	0	0	0	0	0	0	
55.339200	8	6	3	0	2	7	1	3853	-549	24	3321	1	1	24	0	0	0	0	0	0	0	0	0	0	0	0	0	0	
56.345767	8	6	3	0	2	7	1	3846	-548	24	3382	1	1	25	0	0	0	0	0	0	0	0	0	0	0	0	0	0	
57.330717	8	6	3	0	2	7	1	3840	-549	24	3441	1	1	26	0	0	0	0	0	0	0	0	0	0	0	0	0	0	
58.337283	8	6	3	0	2	7	1	3834	-548	24	3501	1	1	27	0	0	0	0	0	0	0	0	0	0	0	0	0	0	
59.342400	8	6	3	0	2	7	1	3828	-549	24	3562	1	1	28	0	0	0	0	0	0	0	0	0	0	0	0	0	0	
60.347517	8	6	3	0	2	7	1	3822	-549	24	3622	1	1	29	0	0	0	0	0	0	0	0	0	0	0	0	0	0	
61.333917	8	6	3	0	2	7	1	3816	-550	24	3681	1	1	29	0	0	0	0	0	0	0	0	0	0	0	0	0	0	
62.341917	8	6	3	0	2	7	1	3810	-551	24	3741	1	1	30	0	0	0	0	0	0	0	0	0	0	0	0	0	0	
63.344167	8	6	3	0	2	7	1	3804	-549	24	3802	1	1	31	0	0	0	0	0	0	0	0	0	0	0	0	0	0	
64.332000	8	6	3	0	2	7	1	3798	-549	24	3861	1	1	32	0	0	0	0	0	0	0	0	0	0	0	0	0	0	
65.338567	8	6	3	0	2	7	1	3793	-550	24	3921	1	1	33	0	0	0	0	0	0	0	0	0	0	0	0	0	0	
66.342233	8	6	3	0	2	7	1	3787	-550	24	3982	1	1	34	0	0	0	0	0	0	0	0	0	0	0	0	0	0	
67.347367	8	6	3	0	2	7	1	3782	-550	24	4042	1	1	34	0	0	0	0	0	0	0	0	0	0	0	0	0	0	
68.336633	8	6	3	0	2	7	1	3777	-550	24	4101	1	1	35	0	0	0	0	0	0	0	0	0	0	0	0	0	0	
69.338883	8	6	3	0	2	7	1	3772	-549	24	4161	1	1	36	0	0	0	0	0	0	0	0	0	0	0	0	0	0	
70.345433	8	6	3	0	2	7	1	3767	-549	24	4222	1	1	37	0	0	0	0	0	0	0	0	0	0	0	0	0	0	
71.353433	8	6	3	0	2	7	1	3762	-549	24	4282	1	1	38	0	0	0	0	0	0	0	0	0	0	0	0	0	0	
72.336967	8	6	3	0	2	7	1	3757	-549	24	4341	1	1	38	0	0	0	0	0	0	0	0	0	0	0	0	0	0	
73.342083	8	6	3	0	2	7	1	3753	-550	24	4402	1	1	39	0	0	0	0	0	0	0	0	0	0	0	0	0	0	
74.350083	8	6	3	0	2	7	1	3749	-550	24	4462	1	1	40	0	0	0	0	0	0	0	0	0	0	0	0	0	0	
75.333600	8	6	3	0	2	7	1	3744	-550	24	4521	1	1	41	0	0	0	0	0	0	0	0	0	0	0	0	0	0	
76.340167	8	6	3	0	2	7	1	3740	-550	24	4581	1	1	42	0	0	0	0	0	0	0	0	0	0	0	0	0	0	
77.343833	8	6	3	0	2	7	1	3736	-551	24	4642	1	1	43	0	0	0	0	0	0	0	0	0	0	0	0	0	0	
78.350400	8	6	3	0	2	7	1	3732	-549	24	4702	1	1	43	0	0	0	0	0	0	0	0	0	0	0	0	0	0	
79.339683	8	6	3	0	2	7	1	3728	-550	24	4761	1	1	44	0	0	0	0	0	0	0	0	0	0	0	0	0	0	
80.341917	8	6	3	0	2	7	1	3724	-548	24	4822	1	1	45	0	0	0	0	0	0	0	0	0	0	0	0	0	0	
81.347033	8	6	3	0	2	7	1	3720	-549	24	4882	1	1	46	0	0	0	0	0	0	0	0	0	0	0	0	0	0	
82.336317	8	6	3	0	2	7	1	3716	-548	24	4941	1	1	47	0	0	0	0	0	0	0	0	0	0	0	0	0	0	
83.338567	8	6	3	0	2	7	1	3713	-549	24	5001	1	1	47	0	0	0	0	0	0	0	0	0	0	0	0	0	0	
84.345117	8	6	3	0	2	7	1	3709	-550	24	5062	1	1	48	0	0	0	0	0	0	0	0	0	0	0	0	0	0	
85.353117	8	6	3	0	2	7	1	3705	-551	24	5122	1	1	49	0	0	0	0	0	0	0	0	0	0	0	0	0	0	
86.336633	8	6	3	0	2	7	1	3702	-552	24	5181	1	1	50	0	0	0	0	0	0	0	0	0	0	0	0	0	0	
87.343200	8	6	3	0	2	7	1	3698	-550	24	5241	1	1	51	0	0	0	0	0	0	0	0	0	0	0	0	0	0	
88.349767	8	6	3	0	2	7	1	3694	-548	24	5302	1	1	52	0	0	0	0	0	0	0	0	0	0	0	0	0	0	
89.333283	8	6	3	0	2	7	1	3691	-550	24	5361	1	1	52	0	0	0	0	0	0	0	0	0	0	0	0	0	0	
90.341283	8	6	3	0	2	7	1	3688	-550	24	5421	1	1	53	0	0	0	0	0	0	0	0	0	0	0	0	0	0	
91.343517	8	6	3	0	2	7	1	3685	-548	24	5482	1	1	54	0	0	0	0	0	0	0	0	0	0	0	0	0	0	
92.350083	8	6	3	0	2	7	1	3682	-548	24	5542	1	1	55	0	0	0	0	0	0	0	0	0	0	0	0	0	0	
93.339367	8	6	3	0	2	7	1	3679	-549	24	5601	1	1	56	0	0	0	0	0	0	0	0	0	0	0	0	0	0	
94.341600	8	6	3	0	2	7	1	3675	-550	24	5661	1	1	56	0	0	0	0	0	0	0	0	0	0	0	0	0	0	
95.348167	8	6	3	0	2	7	1	3673	-550	24	5722	1	1	57	0	0	0	0	0	0	0	0	0	0	0	0	0	0	
96.336000	8	6	3	0	2	7	1	3670	-550	24	5781	1	1	58	0	0	0	0	0	0	0	0	0	0	0	0	0	0	
97.338233	8	6	3	0	2	7	1	3667	-548	24	5841	1	1	59	0	0	0	0	0	0	0	0	0	0	0	0	0	0	
98.344800	8	6	3	0	2	7	1	3664	-550	24	5902	1	1	60	0	0	0	0	0	0	0	0	0	0	0	0	0	0	
99.351367	8	6	3	0	2	7	1	3661	-549	24	5962	1	1	61	0	0	0	0	0	0	0	0	0	0	0	0	0	0	
100.336317	8	6	3	0	2	7	1	3659	-549	24	6021	1	1	61	0	0	0	0	0	0	0	0	0	0	0	0	0	0	
101.342883	8	6	3	0	2	7	1	3656	-549	24	6081	1	1	62	0	0	0	0	0	0	0	0	0	0	0	0	0	0	
102.349433	8	6	3	0	2	7	1	3653	-549	24	6142	1	1	63	0	0	0	0	0	0	0	0	0	0	0	0	0	0	
103.353117	8	6	3	0	2	7	1	3651	-551	24	6202	1	1	64	0	0	0	0	0	0	0	0	0	0	0	0	0	0	
104.339517	8	6	3	0	2	7	1	3648	-548	24	6261	1	1	65	0	0	0	0	0	0	0	0	0	0	0	0	0	0	
105.343200	8	6	3	0	2	7	1	3645	-550	24	6322	1	1	66	0	0	0	0	0	0	0	0	0	0	0	0	0	0	
106.349767	8	6	3	0	2	7	1	3642	-549	24	6382	1	1	66	0	0	0	0	0	0	0	0	0	0	0	0	0	0	
107.339033	8	6	3	0	2	7	1	3639	-550	24	6441	1	1	67	0	0	0	0	0	0	0	0	0	0	0	0	0	0	
108.341283	8	6	3	0	2	7	1	3636	-548	24	6501	1	1	68	0	0	0	0	0	0	0	0	0	0	0	0	0	0	
109.347833	8	6	3	0	2	7	1	3633	-550	24	6562	1	1	69	0	0	0	0	0	0	0	0	0	0	0	0	0	0	
110.352967	8	6	3	0	2	7	1	3630	-548	24	6622	1	1	70	0	0	0	0	0	0	0	0	0	0	0	0	0	0	
111.339367	8	6	3	0	2	7	1	3626	-550	24	6681	1	1	70	0	0	0	0	0	0	0	0	0	0	0	0	0	0	
112.344483	8	6	3	0	2	7	1	3623	-549	24	6742	1	1	71	0	0	0	0	0	0	0	0	0	0	0	0	0	0	
113.351033	8	6	3	0	2	7	1	3619	-551	24	6802	1	1	72	0	0	0	0	0	0	0	0	0	0	0	0	0	0	
114.336000	8	6	3	0	2	7	1	3615	-550	24	6861	1	1	73	0	0	0	0	0	0	0	0	0	0	0	0	0	0	
115.342567	8	6	3	0	2	7	1	3610	-549	24	6921	1	1	74	0	0	0	0	0	0	0	0	0	0	0	0	0	0	
116.350567	8	6	3	0	2	7	1	3605	-550	24	6982	1	1	75	0	0	0	0	0	0	0	0	0	0	0	0	0	0	
117.352800	8	6	3	0	2	7	1	3600	-550	24	7042	1	1	75	0	0	0	0	0	0	0	0	0	0	0	0	0	0	
118.339200	8	6	3	0	2	7	1	3595	-551	24	7101	1	1	76	0	0	0	0	0	0	0	0	0	0	0	0	0	0	
119.344317	8	6	3	0	2	7	1	3588	-549	24	7161	1	1	77	0	0	0	0	0	0	0	0	0	0	0	0	0	0	
120.350883	8	6	3	0	2	7	1	3582	-549	24	7222	1	1	78	0	0	0	0	0	0	0	0	0	0	0	0	0	0	
121.340167	8	6	3	0	2	7	1	3575	-549	24	7281	1	1	79	0	0	0	0	0	0	0	0	0	0	0	0	0	0	
122.342400	8	6	3	0	2	7	1	3567	-549	24	7341	1	1	80	0	0	0	0	0	0	0	0	0	0	0	0	0	0	
123.348967	8	6	3	0	2	7	1	3557	-548	24	7402	1	1	80	0	0	0	0	0	0	0	0	0	0	0	0	0	0	
124.355517	8	6	3	0	2	7	1	3546	-550	24	7462	1	1	81	0	0	0	0	0	0	0	0	0	0	0	0	0	0	
125.340483	8	6	3	0	2	7	1	3533	-550	24	7521	1	1	82	0	0	0	0	0	0	0	0	0	0	0	0	0	0	
126.345600	8	6	3	0	2	7	1	3516	-550	24	7582	1	1	83	0	0	0	0	0	0	0	0	0	0	0	0	0	0	
127.352167	8	6	3	0	2	7	1	3494	-550	24	7642	1	1	84	0	0	0	0	0	0	0	0	0	0	0	0	0	0	
128.338567	8	6	3	0	2	7	1	3464	-550	24	7701	1	1	85	0	0	0	0	0	0	0	0	0	0	0	0	0	0	
129.343683	8	6	3	0	2	7	1	3420	-550	24	7761	1	1	85	0	0	0	0	0	0	0	0	0	0	0	0	0	0	
130.350233	8	6	3	0	2	7	1	3358	-549	24	7822	1	1	86	0	0	0	0	0	0	0	0	0	0	0	0	0	0	
131.356800	8	6	3	0	2	7	1	3266	-550	24	7882	1	1	87	0	0	0	0	0	0	0	0	0	0	0	0	0	0	
132.341767	8	6	3	0	2	7	1	3125	-548	24	7941	1	1	88	0	0	0	0	0	0	0	0	0	0	0	0	0	0	
133.346883	8	6	3	0	2	7	1	2784	-549	24	8002	1	1	89	0	0	0	0	0	0	0	0	0	0	0	0	0	0	
133.574400	8	15	3	0	1	31	2	2727	19	24	8015	2	1	89	0	0	0	0	0	0	0	0	0	0	0	0	0	0	
133.594567	8	4	3	0	1	3	2	2864	55	24	8016	2	1	89	0	0	0	0	0	0	0	0	0	0	0	0	0	0	
133.708317	8	3	3	0	1	2	2	3104	534	24	8023	3	1	89	0	0	0	0	0	0	0	0	0	0	0	0	0	0	
134.337600	8	3	3	0	1	2	2	3460	549	24	8061	3	1	89	0	0	0	0	0	0	0	0	0	0	0	0	0	0	
135.344167	8	3	3	0	1	2	2	3604	549	24	8121	3	1	89	0	0	0	0	0	0	0	0	0	0	0	0	0	0	
136.349283	8	3	3	0	1	2	2	3677	550	24	8182	3	1	89	0	0	0	0	0	0	0	0	0	0	0	0	0	0	
137.354400	8	3	3	0	1	2	2	3724	549	24	8242	3	1	89	0	0	0	0	0	0	0	0	0	0	0	0	0	0	
138.340800	8	3	3	0	1	2	2	3755	550	24	8301	3	1	89	0	0	0	0	0	0	0	0	0	0	0	0	0	0	
139.348800	8	3	3	0	1	2	2	3773	549	24	8362	3	1	89	0	0	0	0	0	0	0	0	0	0	0	0	0	0	
140.353917	8	3	3	0	1	2	2	3781	549	24	8422	3	1	89	0	0	0	0	0	0	0	0	0	0	0	0	0	0	
141.338883	8	3	3	0	1	2	2	3788	550	24	8481	3	1	89	0	0	0	0	0	0	0	0	0	0	0	0	0	0	
142.344000	8	3	3	0	1	2	2	3795	549	24	8541	3	1	89	0	0	0	0	0	0	0	0	0	0	0	0	0	0	
143.352000	8	3	3	0	1	2	2	3801	549	24	8602	3	1	89	0	0	0	0	0	0	0	0	0	0	0	0	0	0	
144.354233	8	3	3	0	1	2	2	3808	550	24	8662	3	1	89	0	0	0	0	0	0	0	0	0	0	0	0	0	0	
145.342083	8	3	3	0	1	2	2	3813	550	24	8721	3	1	89	0	0	0	0	0	0	0	0	0	0	0	0	0	0	
146.345767	8	3	3	0	1	2	2	3820	549	24	8781	3	1	89	0	0	0	0	0	0	0	0	0	0	0	0	0	0	
147.352317	8	3	3	0	1	2	2	3826	550	24	8842	3	1	89	0	0	0	0	0	0	0	0	0	0	0	0	0	0	
148.340167	8	3	3	0	1	2	2	3832	549	24	8901	3	1	89	0	0	0	0	0	0	0	0	0	0	0	0	0	0	
149.346717	8	3	3	0	1	2	2	3838	549	24	8961	3	1	89	0	0	0	0	0	0	0	0	0	0	0	0	0	0	
150.348967	8	3	3	0	1	2	2	3844	550	24	9022	3	1	89	0	0	0	0	0	0	0	0	0	0	0	0	0	0	
151.355517	8	3	3	0	1	2	2	3851	549	24	9082	3	1	89	0	0	0	0	0	0	0	0	0	0	0	0	0	0	
152.344800	8	3	3	0	1	2	2	3856	549	24	9141	3	1	89	0	0	0	0	0	0	0	0	0	0	0	0	0	0	
153.347033	8	3	3	0	1	2	2	3862	549	24	9201	3	1	89	0	0	0	0	0	0	0	0	0	0	0	0	0	0	
154.352167	8	3	3	0	1	2	2	3868	550	24	9262	3	1	89	0	0	0	0	0	0	0	0	0	0	0	0	0	0	
155.341433	8	3	3	0	1	2	2	3873	550	24	9321	3	1	89	0	0	0	0	0	0	0	0	0	0	0	0	0	0	
156.345117	8	3	3	0	1	2	2	3877	549	24	9381	3	1	89	0	0	0	0	0	0	0	0	0	0	0	0	0	0	
157.350233	8	3	3	0	1	2	2	3882	550	24	9442	3	1	89	0	0	0	0	0	0	0	0	0	0	0	0	0	0	
158.356800	8	3	3	0	1	2	2	3885	550	24	9502	3	1	89	0	0	0	0	0	0	0	0	0	0	0	0	0	0	
159.341767	8	3	3	0	1	2	2	3888	550	24	9561	3	1	89	0	0	0	0	0	0	0	0	0	0	0	0	0	0	
160.348317	8	3	3	0	1	2	2	3892	550	24	9621	3	1	89	0	0	0	0	0	0	0	0	0	0	0	0	0	0	
161.353433	8	3	3	0	1	2	2	3894	550	24	9682	3	1	89	0	0	0	0	0	0	0	0	0	0	0	0	0	0	
162.339833	8	3	3	0	1	2	2	3897	550	24	9741	3	1	89	0	0	0	0	0	0	0	0	0	0	0	0	0	0	
163.344967	8	3	3	0	1	2	2	3900	549	24	9801	3	1	89	0	0	0	0	0	0	0	0	0	0	0	0	0	0	
164.351517	8	3	3	0	1	2	2	3902	549	24	9862	3	1	89	0	0	0	0	0	0	0	0	0	0	0	0	0	0	
165.358083	8	3	3	0	1	2	2	3905	549	24	9922	3	1	89	0	0	0	0	0	0	0	0	0	0	0	0	0	0	
166.343033	8	3	3	0	1	2	2	3907	550	24	9981	3	1	89	0	0	0	0	0	0	0	0	0	0	0	0	0	0	
167.348167	8	3	3	0	1	2	2	3910	550	24	10041	3	1	89	0	0	0	0	0	0	0	0	0	0	0	0	0	0	
168.356167	8	3	3	0	1	2	2	3913	549	24	10102	3	1	89	0	0	0	0	0	0	0	0	0	0	0	0	0	0	
169.339683	8	3	3	0	1	2	2	3916	549	24	10161	3	1	89	0	0	0	0	0	0	0	0	0	0	0	0	0	0	
170.346233	8	3	3	0	1	2	2	3919	549	24	10221	3	1	89	0	0	0	0	0	0	0	0	0	0	0	0	0	0	
171.354233	8	3	3	0	1	2	2	3922	549	24	10282	3	1	89	0	0	0	0	0	0	0	0	0	0	0	0	0	0	
172.356483	8	3	3	0	1	2	2	3924	550	24	10342	3	1	89	0	0	0	0	0	0	0	0	0	0	0	0	0	0	
173.342883	8	3	3	0	1	2	2	3927	550	24	10401	3	1	89	0	0	0	0	0	0	0	0	0	0	0	0	0	0	
174.350883	8	3	3	0	1	2	2	3930	550	24	10461	3	1	89	0	0	0	0	0	0	0	0	0	0	0	0	0	0	
175.353117	8	3	3	0	1	2	2	3933	550	24	10522	3	1	89	0	0	0	0	0	0	0	0	0	0	0	0	0	0	
176.340967	8	3	3	0	1	2	2	3936	550	24	10581	3	1	89	0	0	0	0	0	0	0	0	0	0	0	0	0	0	
177.348967	8	3	3	0	1	2	2	3939	550	24	10641	3	1	89	0	0	0	0	0	0	0	0	0	0	0	0	0	0	
178.351200	8	3	3	0	1	2	2	3942	550	25	10702	3	1	89	0	0	0	0	0	0	0	0	0	0	0	0	0	0	
179.356317	8	3	3	0	1	2	2	3946	550	25	10762	3	1	89	0	0	0	0	0	0	0	0	0	0	0	0	0	0	
180.345600	8	3	3	0	1	2	2	3948	550	25	10821	3	1	89	0	0	0	0	0	0	0	0	0	0	0	0	0	0	
181.347833	8	3	3	0	1	2	2	3952	551	25	10881	3	1	89	0	0	0	0	0	0	0	0	0	0	0	0	0	0	
182.354400	8	3	3	0	1	2	2	3955	549	25	10942	3	1	89	0	0	0	0	0	0	0	0	0	0	0	0	0	0	
183.343683	8	3	3	0	1	2	2	3958	549	25	11001	3	1	89	0	0	0	0	0	0	0	0	0	0	0	0	0	0	
184.345917	8	3	3	0	1	2	2	3962	549	25	11061	3	1	89	0	0	0	0	0	0	0	0	0	0	0	0	0	0	
185.351033	8	3	3	0	1	2	2	3965	549	25	11122	3	1	89	0	0	0	0	0	0	0	0	0	0	0	0	0	0	
186.357600	8	3	3	0	1	2	2	3968	550	25	11182	3	1	89	0	0	0	0	0	0	0	0	0	0	0	0	0	0	
187.344000	8	3	3	0	1	2	2	3972	549	25	11241	3	1	89	0	0	0	0	0	0	0	0	0	0	0	0	0	0	
188.349117	8	3	3	0	1	2	2	3975	550	25	11301	3	1	89	0	0	0	0	0	0	0	0	0	0	0	0	0	0	
189.355683	8	3	3	0	1	2	2	3979	550	25	11362	3	1	89	0	0	0	0	0	0	0	0	0	0	0	0	0	0	
190.343517	8	3	3	0	1	2	2	3983	550	25	11421	3	1	89	0	0	0	0	0	0	0	0	0	0	0	0	0	0	
191.347200	8	3	3	0	1	2	2	3987	550	25	11481	3	1	89	0	0	0	0	0	0	0	0	0	0	0	0	0	0	
192.352317	8	3	3	0	1	2	2	3991	550	25	11542	3	1	89	0	0	0	0	0	0	0	0	0	0	0	0	0	0	
193.358883	8	3	3	0	1	2	2	3995	550	25	11602	3	1	89	0	0	0	0	0	0	0	0	0	0	0	0	0	0	
194.343833	8	3	3	0	1	2	2	3999	550	25	11661	3	1	89	0	0	0	0	0	0	0	0	0	0	0	0	0	0	
195.350400	8	3	3	0	1	2	2	4003	550	25	11721	3	1	89	0	0	0	0	0	0	0	0	0	0	0	0	0	0	
196.355517	8	3	3	0	1	2	2	4007	549	25	11782	3	1	89	0	0	0	0	0	0	0	0	0	0	0	0	0	0	
197.341917	8	3	3	0	1	2	2	4012	550	25	11841	3	1	89	0	0	0	0	0	0	0	0	0	0	0	0	0	0	
198.347033	8	3	3	0	1	2	2	4016	549	25	11901	3	1	89	0	0	0	0	0	0	0	0	0	0	0	0	0	0	
199.353600	8	3	3	0	1	2	2	4021	549	25	11962	3	1	89	0	0	0	0	0	0	0	0	0	0	0	0	0	0	
200.360167	8	3	3	0	1	2	2	4026	549	25	12022	3	1	89	0	0	0	0	0	0	0	0	0	0	0	0	0	0	
201.345117	8	3	3	0	1	2	2	4031	549	25	12081	3	1	89	0	0	0	0	0	0	0	0	0	0	0	0	0	0	
202.350233	8	3	3	0	1	2	2	4036	550	25	12141	3	1	89	0	0	0	0	0	0	0	0	0	0	0	0	0	0	
203.358233	8	3	3	0	1	2	2	4041	550	25	12202	3	1	89	0	0	0	0	0	0	0	0	0	0	0	0	0	0	
204.341767	8	3	3	0	1	2	2	4046	550	25	12261	3	1	89	0	0	0	0	0	0	0	0	0	0	0	0	0	0	
205.348317	8	3	3	0	1	2	2	4052	549	25	12321	3	1	89	0	0	0	0	0	0	0	0	0	0	0	0	0	0	
206.356317	8	3	3	0	1	2	2	4057	549	25	12382	3	1	89	0	0	0	0	0	0	0	0	0	0	0	0	0	0	
207.358567	8	3	3	0	1	2	2	4063	549	25	12442	3	1	89	0	0	0	0	0	0	0	0	0	0	0	0	0	0	
208.346400	8	3	3	0	1	2	2	4068	550	25	12501	3	1	89	0	0	0	0	0	0	0	0	0	0	0	0	0	0	
209.352967	8	3	3	0	1	2	2	4074	549	25	12561	3	1	89	0	0	0	0	0	0	0	0	0	0	0	0	0	0	
210.359517	8	3	3	0	1	2	2	4080	550	25	12622	3	1	89	0	0	0	0	0	0	0	0	0	0	0	0	0	0	
211.343033	8	3	3	0	1	2	2	4086	549	25	12681	3	1	89	0	0	0	0	0	0	0	0	0	0	0	0	0	0	
212.349600	8	3	3	0	1	2	2	4092	550	25	12741	3	1	89	0	0	0	0	0	0	0	0	0	0	0	0	0	0	
213.356167	8	3	3	0	1	2	2	4098	549	25	12802	3	1	89	0	0	0	0	0	0	0	0	0	0	0	0	0	0	
214.358400	8	3	3	0	1	2	2	4105	550	25	12862	3	1	89	0	0	0	0	0	0	0	0	0	0	0	0	0	0	
215.346233	8	3	3	0	1	2	2	4111	549	25	12921	3	1	89	0	0	0	0	0	0	0	0	0	0	0	0	0	0	
216.354233	8	3	3	0	1	2	2	4117	546	25	12981	3	1	89	0	0	0	0	0	0	0	0	0	0	0	0	0	0	
217.356483	8	3	3	0	1	2	2	4124	544	25	13042	3	1	89	0	0	0	0	0	0	0	0	0	0	0	0	0	0	
218.344317	8	3	3	0	1	2	2	4130	542	25	13101	3	1	89	0	0	0	0	0	0	0	0	0	0	0	0	0	0	
219.350883	8	3	3	0	1	2	2	4137	542	25	13161	3	1	89	0	0	0	0	0	0	0	0	0	0	0	0	0	0	
220.354567	8	3	3	0	1	2	2	4144	541	25	13222	3	1	89	0	0	0	0	0	0	0	0	0	0	0	0	0	0	
221.359683	8	3	3	0	1	2	2	4151	540	25	13282	3	1	89	0	0	0	0	0	0	0	0	0	0	0	0	0	0	
222.348967	8	3	3	0	1	2	2	4157	540	25	13341	3	1	89	0	0	0	0	0	0	0	0	0	0	0	0	0	0	
223.351200	8	3	3	0	1	2	2	4165	540	25	13401	3	1	89	0	0	0	0	0	0	0	0	0	0	0	0	0	0	
224.357767	8	3	3	0	1	2	2	4171	539	25	13462	3	1	89	0	0	0	0	0	0	0	0	0	0	0	0	0	0	
225.344167	8	3	3	0	1	2	2	4179	538	25	13521	3	1	89	0	0	0	0	0	0	0	0	0	0	0	0	0	0	
226.352167	8	3	3	0	1	2	2	4186	536	25	13581	3	1	89	0	0	0	0	0	0	0	0	0	0	0	0	0	0	
227.354400	8	3	3	0	1	2	2	4194	537	25	13642	3	1	89	0	0	0	0	0	0	0	0	0	0	0	0	0	0	
228.360967	8	3	3	0	1	2	2	4201	536	25	13702	3	1	89	0	0	0	0	0	0	0	0	0	0	0	0	0	0	
229.350233	8	3	3	0	1	2	2	4204	502	25	13761	3	1	89	0	0	0	0	0	0	0	0	0	0	0	0	0	0	
230.352483	8	3	3	0	1	2	2	4204	464	25	13821	3	1	89	0	0	0	0	0	0	0	0	0	0	0	0	0	0	
231.357600	8	3	3	0	1	2	2	4204	433	25	13882	3	1	89	0	0	0	0	0	0	0	0	0	0	0	0	0	0	
232.346883	8	3	3	0	1	2	2	4204	406	25	13941	3	1	89	0	0	0	0	0	0	0	0	0	0	0	0	0	0	
233.349117	8	3	3	0	1	2	2	4204	379	25	14001	3	1	89	0	0	0	0	0	0	0	0	0	0	0	0	0	0	
234.355683	8	3	3	0	1	2	2	4204	353	25	14062	3	1	89	0	0	0	0	0	0	0	0	0	0	0	0	0	0	
235.360800	8	3	3	0	1	2	2	4204	331	25	14122	3	1	89	0	0	0	0	0	0	0	0	0	0	0	0	0	0	
236.347200	8	3	3	0	1	2	2	4204	310	25	14181	3	1	89	0	0	0	0	0	0	0	0	0	0	0	0	0	0	
237.352317	8	3	3	0	1	2	2	4204	291	25	14241	3	1	89	0	0	0	0	0	0	0	0	0	0	0	0	0	0	
238.361767	8	3	3	0	1	2	2	4204	272	25	14302	3	1	89	0	0	0	0	0	0	0	0	0	0	0	0	0	0	
239.349600	8	3	3	0	1	2	2	4204	254	25	14361	3	1	89	0	0	0	0	0	0	0	0	0	0	0	0	0	0	
240.356167	8	3	3	0	1	2	2	4204	238	25	14422	3	1	89	0	0	0	0	0	0	0	0	0	0	0	0	0	0	
241.361283	8	3	3	0	1	2	2	4204	224	25	14482	3	1	89	0	0	0	0	0	0	0	0	0	0	0	0	0	0	
242.350567	8	3	3	0	1	2	2	4204	210	25	14541	3	1	89	0	0	0	0	0	0	0	0	0	0	0	0	0	0	
243.355683	8	3	3	0	1	2	2	4204	197	25	14602	3	1	89	0	0	0	0	0	0	0	0	0	0	0	0	0	0	
244.362233	8	3	3	0	1	2	2	4204	185	25	14662	3	1	89	0	0	0	0	0	0	0	0	0	0	0	0	0	0	
245.351517	8	3	3	0	1	2	2	4204	173	25	14721	3	1	89	0	0	0	0	0	0	0	0	0	0	0	0	0	0	
246.353767	8	3	3	0	1	2	2	4204	163	25	14781	3	1	89	0	0	0	0	0	0	0	0	0	0	0	0	0	0	
247.358883	8	3	3	0	1	2	2	4204	153	25	14842	3	1	89	0	0	0	0	0	0	0	0	0	0	0	0	0	0	
248.348167	8	3	3	0	1	2	2	4204	143	25	14901	3	1	89	0	0	0	0	0	0	0	0	0	0	0	0	0	0	
249.351833	8	3	3	0	1	2	2	4204	135	25	14961	3	1	89	0	0	0	0	0	0	0	0	0	0	0	0	0	0	
250.356967	8	3	3	0	1	2	2	4204	126	25	15022	3	1	89	0	0	0	0	0	0	0	0	0	0	0	0	0	0	
251.363517	8	3	3	0	1	2	2	4204	118	25	15082	3	1	89	0	0	0	0	0	0	0	0	0	0	0	0	0	0	
252.348483	8	3	3	0	1	2	2	4204	111	25	15141	3	1	89	0	0	0	0	0	0	0	0	0	0	0	0	0	0	
253.355033	8	3	3	0	1	2	2	4204	105	25	15201	3	1	89	0	0	0	0	0	0	0	0	0	0	0	0	0	0	
254.360167	8	3	3	0	1	2	2	4204	98	25	15262	3	1	89	0	0	0	0	0	0	0	0	0	0	0	0	0	0	
255.346567	8	3	3	0	1	2	2	4204	93	25	15321	3	1	89	0	0	0	0	0	0	0	0	0	0	0	0	0	0	
256.351683	8	3	3	0	1	2	2	4204	88	25	15381	3	1	89	0	0	0	0	0	0	0	0	0	0	0	0	0	0	
257.358233	8	3	3	0	1	2	2	4204	81	25	15442	3	1	89	0	0	0	0	0	0	0	0	0	0	0	0	0	0	
258.364800	8	3	3	0	1	2	2	4204	78	25	15502	3	1	89	0	0	0	0	0	0	0	0	0	0	0	0	0	0	
259.349767	8	3	3	0	1	2	2	4204	74	25	15561	3	1	89	0	0	0	0	0	0	0	0	0	0	0	0	0	0	
260.354883	8	3	3	0	1	2	2	4204	69	25	15621	3	1	89	0	0	0	0	0	0	0	0	0	0	0	0	0	0	
261.362883	8	3	3	0	1	2	2	4204	64	25	15682	3	1	89	0	0	0	0	0	0	0	0	0	0	0	0	0	0	
262.346400	8	3	3	0	1	2	2	4204	61	25	15741	3	1	89	0	0	0	0	0	0	0	0	0	0	0	0	0	0	
263.352967	8	3	3	0	1	2	2	4204	59	25	15801	3	1	89	0	0	0	0	0	0	0	0	0	0	0	0	0	0	
264.276000	8	6	3	0	2	7	1	4142	-548	25	15857	3	2	0	0	0	0	0	0	0	0	0	0	0	0	0	0	0	
264.362400	8	6	3	0	2	7	1	4134	-550	25	15862	3	2	0	0	0	0	0	0	0	0	0	0	0	0	0	0	0	
265.364633	8	6	3	0	2	7	1	4094	-550	25	15922	3	2	0	0	0	0	0	0	0	0	0	0	0	0	0	0	0	
266.352483	8	6	3	0	2	7	1	4077	-549	25	15981	3	2	1	0	0	0	0	0	0	0	0	0	0	0	0	0	0	
267.359033	8	6	3	0	2	7	1	4065	-549	25	16042	3	2	2	0	0	0	0	0	0	0	0	0	0	0	0	0	0	
268.361283	8	6	3	0	2	7	1	4054	-551	25	16102	3	2	3	0	0	0	0	0	0	0	0	0	0	0	0	0	0	
269.349117	8	6	3	0	2	7	1	4045	-550	25	16161	3	2	4	0	0	0	0	0	0	0	0	0	0	0	0	0	0	
270.354233	8	6	3	0	2	7	1	4036	-550	25	16221	3	2	4	0	0	0	0	0	0	0	0	0	0	0	0	0	0	
271.359367	8	6	3	0	2	7	1	4027	-550	25	16282	3	2	5	0	0	0	0	0	0	0	0	0	0	0	0	0	0	
272.365917	8	6	3	0	2	7	1	4018	-549	25	16342	3	2	6	0	0	0	0	0	0	0	0	0	0	0	0	0	0	
273.350883	8	6	3	0	2	7	1	4010	-549	25	16401	3	2	7	0	0	0	0	0	0	0	0	0	0	0	0	0	0	
274.357433	8	6	3	0	2	7	1	4001	-549	25	16461	3	2	8	0	0	0	0	0	0	0	0	0	0	0	0	0	0	
275.362567	8	6	3	0	2	7	1	3993	-550	25	16522	3	2	9	0	0	0	0	0	0	0	0	0	0	0	0	0	0	
276.348967	8	6	3	0	2	7	1	3985	-549	25	16581	3	2	9	0	0	0	0	0	0	0	0	0	0	0	0	0	0	
277.354083	8	6	3	0	2	7	1	3977	-548	25	16641	3	2	10	0	0	0	0	0	0	0	0	0	0	0	0	0	0	
278.362083	8	6	3	0	2	7	1	3969	-549	25	16702	3	2	11	0	0	0	0	0	0	0	0	0	0	0	0	0	0	
279.364317	8	6	3	0	2	7	1	3961	-550	25	16762	3	2	12	0	0	0	0	0	0	0	0	0	0	0	0	0	0	
280.352167	8	6	3	0	2	7	1	3953	-551	25	16821	3	2	13	0	0	0	0	0	0	0	0	0	0	0	0	0	0	
281.358717	8	6	3	0	2	7	1	3946	-548	25	16881	3	2	13	0	0	0	0	0	0	0	0	0	0	0	0	0	0	
282.362400	8	6	3	0	2	7	1	3938	-550	26	16942	3	2	14	0	0	0	0	0	0	0	0	0	0	0	0	0	0	
283.348800	8	6	3	0	2	7	1	3930	-551	25	17001	3	2	15	0	0	0	0	0	0	0	0	0	0	0	0	0	0	
284.356800	8	6	3	0	2	7	1	3923	-549	25	17061	3	2	16	0	0	0	0	0	0	0	0	0	0	0	0	0	0	
285.359033	8	6	3	0	2	7	1	3916	-550	25	17122	3	2	17	0	0	0	0	0	0	0	0	0	0	0	0	0	0	
286.365600	8	6	3	0	2	7	1	3908	-550	26	17182	3	2	18	0	0	0	0	0	0	0	0	0	0	0	0	0	0	
287.350567	8	6	3	0	2	7	1	3901	-549	26	17241	3	2	18	0	0	0	0	0	0	0	0	0	0	0	0	0	0	
288.357117	8	6	3	0	2	7	1	3894	-549	25	17301	3	2	19	0	0	0	0	0	0	0	0	0	0	0	0	0	0	
289.362233	8	6	3	0	2	7	1	3887	-550	26	17362	3	2	20	0	0	0	0	0	0	0	0	0	0	0	0	0	0	
290.348633	8	6	3	0	2	7	1	3880	-549	26	17421	3	2	21	0	0	0	0	0	0	0	0	0	0	0	0	0	0	
291.353767	8	6	3	0	2	7	1	3873	-551	26	17481	3	2	22	0	0	0	0	0	0	0	0	0	0	0	0	0	0	
292.361767	8	6	3	0	2	7	1	3866	-550	26	17542	3	2	23	0	0	0	0	0	0	0	0	0	0	0	0	0	0	
293.364000	8	6	3	0	2	7	1	3859	-548	26	17602	3	2	23	0	0	0	0	0	0	0	0	0	0	0	0	0	0	
294.351833	8	6	3	0	2	7	1	3853	-550	26	17661	3	2	24	0	0	0	0	0	0	0	0	0	0	0	0	0	0	
295.359833	8	6	3	0	2	7	1	3846	-548	26	17721	3	2	25	0	0	0	0	0	0	0	0	0	0	0	0	0	0	
296.362083	8	6	3	0	2	7	1	3840	-550	26	17782	3	2	26	0	0	0	0	0	0	0	0	0	0	0	0	0	0	
297.367200	8	6	3	0	2	7	1	3833	-549	26	17842	3	2	27	0	0	0	0	0	0	0	0	0	0	0	0	0	0	
298.356483	8	6	3	0	2	7	1	3827	-550	25	17901	3	2	27	0	0	0	0	0	0	0	0	0	0	0	0	0	0	
299.358717	8	6	3	0	2	7	1	3821	-550	26	17962	3	2	28	0	0	0	0	0	0	0	0	0	0	0	0	0	0	
300.365283	8	6	3	0	2	7	1	3815	-550	26	18022	3	2	29	0	0	0	0	0	0	0	0	0	0	0	0	0	0	
301.354567	8	6	3	0	2	7	1	3809	-547	26	18081	3	2	30	0	0	0	0	0	0	0	0	0	0	0	0	0	0	
302.356800	8	6	3	0	2	7	1	3804	-550	25	18141	3	2	31	0	0	0	0	0	0	0	0	0	0	0	0	0	0	
303.363367	8	6	3	0	2	7	1	3798	-549	26	18202	3	2	32	0	0	0	0	0	0	0	0	0	0	0	0	0	0	
304.368483	8	6	3	0	2	7	1	3792	-551	26	18262	3	2	32	0	0	0	0	0	0	0	0	0	0	0	0	0	0	
305.353433	8	6	3	0	2	7	1	3787	-549	26	18321	3	2	33	0	0	0	0	0	0	0	0	0	0	0	0	0	0	
306.360000	8	6	3	0	2	7	1	3782	-548	26	18382	3	2	34	0	0	0	0	0	0	0	0	0	0	0	0	0	0	
307.365117	8	6	3	0	2	7	1	3776	-550	26	18442	3	2	35	0	0	0	0	0	0	0	0	0	0	0	0	0	0	
308.351517	8	6	3	0	2	7	1	3771	-549	26	18501	3	2	36	0	0	0	0	0	0	0	0	0	0	0	0	0	0	
309.358083	8	6	3	0	2	7	1	3766	-550	26	18561	3	2	37	0	0	0	0	0	0	0	0	0	0	0	0	0	0	
310.364633	8	6	3	0	2	7	1	3761	-548	26	18622	3	2	37	0	0	0	0	0	0	0	0	0	0	0	0	0	0	
311.366883	8	6	3	0	2	7	1	3757	-549	26	18682	3	2	38	0	0	0	0	0	0	0	0	0	0	0	0	0	0	
312.354717	8	6	3	0	2	7	1	3753	-550	26	18741	3	2	39	0	0	0	0	0	0	0	0	0	0	0	0	0	0	
313.358400	8	6	3	0	2	7	1	3748	-551	26	18801	3	2	40	0	0	0	0	0	0	0	0	0	0	0	0	0	0	
314.364967	8	6	3	0	2	7	1	3744	-549	26	18862	3	2	41	0	0	0	0	0	0	0	0	0	0	0	0	0	0	
315.354233	8	6	3	0	2	7	1	3739	-548	26	18921	3	2	41	0	0	0	0	0	0	0	0	0	0	0	0	0	0	
316.356483	8	6	3	0	2	7	1	3735	-550	26	18981	3	2	42	0	0	0	0	0	0	0	0	0	0	0	0	0	0	
317.363033	8	6	3	0	2	7	1	3731	-550	26	19042	3	2	43	0	0	0	0	0	0	0	0	0	0	0	0	0	0	
318.368167	8	6	3	0	2	7	1	3727	-549	26	19102	3	2	44	0	0	0	0	0	0	0	0	0	0	0	0	0	0	
319.354567	8	6	3	0	2	7	1	3724	-552	26	19161	3	2	45	0	0	0	0	0	0	0	0	0	0	0	0	0	0	
320.359683	8	6	3	0	2	7	1	3719	-550	26	19221	3	2	46	0	0	0	0	0	0	0	0	0	0	0	0	0	0	
321.366233	8	6	3	0	2	7	1	3716	-550	26	19282	3	2	46	0	0	0	0	0	0	0	0	0	0	0	0	0	0	
322.351200	8	6	3	0	2	7	1	3712	-549	26	19341	3	2	47	0	0	0	0	0	0	0	0	0	0	0	0	0	0	
323.357767	8	6	3	0	2	7	1	3708	-550	26	19401	3	2	48	0	0	0	0	0	0	0	0	0	0	0	0	0	0	
324.364317	8	6	3	0	2	7	1	3705	-551	26	19462	3	2	49	0	0	0	0	0	0	0	0	0	0	0	0	0	0	
325.368000	8	6	3	0	2	7	1	3701	-552	26	19522	3	2	50	0	0	0	0	0	0	0	0	0	0	0	0	0	0	
326.354400	8	6	3	0	2	7	1	3698	-550	26	19581	3	2	50	0	0	0	0	0	0	0	0	0	0	0	0	0	0	
327.359517	8	6	3	0	2	7	1	3694	-549	26	19641	3	2	51	0	0	0	0	0	0	0	0	0	0	0	0	0	0	
328.364633	8	6	3	0	2	7	1	3691	-549	26	19702	3	2	52	0	0	0	0	0	0	0	0	0	0	0	0	0	0	
329.371200	8	6	3	0	2	7	1	3688	-550	26	19762	3	2	53	0	0	0	0	0	0	0	0	0	0	0	0	0	0	
330.356167	8	6	3	0	2	7	1	3685	-549	26	19821	3	2	54	0	0	0	0	0	0	0	0	0	0	0	0	0	0	
331.362717	8	6	3	0	2	7	1	3682	-549	26	19882	3	2	55	0	0	0	0	0	0	0	0	0	0	0	0	0	0	
332.369283	8	6	3	0	2	7	1	3679	-549	26	19942	3	2	55	0	0	0	0	0	0	0	0	0	0	0	0	0	0	
333.354233	8	6	3	0	2	7	1	3676	-549	26	20001	3	2	56	0	0	0	0	0	0	0	0	0	0	0	0	0	0	
334.359367	8	6	3	0	2	7	1	3674	-550	26	20061	3	2	57	0	0	0	0	0	0	0	0	0	0	0	0	0	0	
335.367367	8	6	3	0	2	7	1	3670	-549	26	20122	3	2	58	0	0	0	0	0	0	0	0	0	0	0	0	0	0	
336.369600	8	6	3	0	2	7	1	3668	-549	26	20182	3	2	59	0	0	0	0	0	0	0	0	0	0	0	0	0	0	
337.358883	8	6	3	0	2	7	1	3665	-551	26	20241	3	2	59	0	0	0	0	0	0	0	0	0	0	0	0	0	0	
338.361117	8	6	3	0	2	7	1	3663	-549	26	20302	3	2	60	0	0	0	0	0	0	0	0	0	0	0	0	0	0	
339.367683	8	6	3	0	2	7	1	3660	-549	26	20362	3	2	61	0	0	0	0	0	0	0	0	0	0	0	0	0	0	
340.356967	8	6	3	0	2	7	1	3657	-549	26	20421	3	2	62	0	0	0	0	0	0	0	0	0	0	0	0	0	0	
341.359200	8	6	3	0	2	7	1	3654	-550	26	20481	3	2	63	0	0	0	0	0	0	0	0	0	0	0	0	0	0	
342.364317	8	6	3	0	2	7	1	3652	-550	26	20542	3	2	64	0	0	0	0	0	0	0	0	0	0	0	0	0	0	
343.370883	8	6	3	0	2	7	1	3649	-548	26	20602	3	2	64	0	0	0	0	0	0	0	0	0	0	0	0	0	0	
344.355833	8	6	3	0	2	7	1	3646	-550	26	20661	3	2	65	0	0	0	0	0	0	0	0	0	0	0	0	0	0	
345.362400	8	6	3	0	2	7	1	3643	-549	26	20721	3	2	66	0	0	0	0	0	0	0	0	0	0	0	0	0	0	
346.368967	8	6	3	0	2	7	1	3640	-548	26	20782	3	2	67	0	0	0	0	0	0	0	0	0	0	0	0	0	0	
347.353917	8	6	3	0	2	7	1	3637	-549	26	20841	3	2	68	0	0	0	0	0	0	0	0	0	0	0	0	0	0	
348.359033	8	6	3	0	2	7	1	3634	-550	26	20901	3	2	68	0	0	0	0	0	0	0	0	0	0	0	0	0	0	
349.367033	8	6	3	0	2	7	1	3630	-550	26	20962	3	2	69	0	0	0	0	0	0	0	0	0	0	0	0	0	0	
350.369283	8	6	3	0	2	7	1	3627	-547	26	21022	3	2	70	0	0	0	0	0	0	0	0	0	0	0	0	0	0	
351.357117	8	6	3	0	2	7	1	3623	-548	26	21081	3	2	71	0	0	0	0	0	0	0	0	0	0	0	0	0	0	
352.360800	8	6	3	0	2	7	1	3619	-549	26	21141	3	2	72	0	0	0	0	0	0	0	0	0	0	0	0	0	0	
353.367367	8	6	3	0	2	7	1	3615	-549	26	21202	3	2	73	0	0	0	0	0	0	0	0	0	0	0	0	0	0	
354.356633	8	6	3	0	2	7	1	3611	-549	26	21261	3	2	73	0	0	0	0	0	0	0	0	0	0	0	0	0	0	
355.358883	8	6	3	0	2	7	1	3606	-551	26	21321	3	2	74	0	0	0	0	0	0	0	0	0	0	0	0	0	0	
356.365433	8	6	3	0	2	7	1	3601	-550	26	21382	3	2	75	0	0	0	0	0	0	0	0	0	0	0	0	0	0	
357.372000	8	6	3	0	2	7	1	3596	-549	26	21442	3	2	76	0	0	0	0	0	0	0	0	0	0	0	0	0	0	
358.355517	8	6	3	0	2	7	1	3590	-550	26	21501	3	2	77	0	0	0	0	0	0	0	0	0	0	0	0	0	0	
359.362083	8	6	3	0	2	7	1	3584	-549	26	21561	3	2	78	0	0	0	0	0	0	0	0	0	0	0	0	0	0	
360.370083	8	6	3	0	2	7	1	3578	-549	26	21622	3	2	78	0	0	0	0	0	0	0	0	0	0	0	0	0	0	
361.372317	8	6	3	0	2	7	1	3571	-550	26	21682	3	2	79	0	0	0	0	0	0	0	0	0	0	0	0	0	0	
362.360167	8	6	3	0	2	7	1	3563	-551	26	21741	3	2	80	0	0	0	0	0	0	0	0	0	0	0	0	0	0	
363.363833	8	6	3	0	2	7	1	3553	-550	26	21802	3	2	81	0	0	0	0	0	0	0	0	0	0	0	0	0	0	
364.368967	8	6	3	0	2	7	1	3541	-549	26	21862	3	2	82	0	0	0	0	0	0	0	0	0	0	0	0	0	0	
365.358233	8	6	3	0	2	7	1	3525	-549	26	21921	3	2	82	0	0	0	0	0	0	0	0	0	0	0	0	0	0	
366.360483	8	6	3	0	2	7	1	3505	-549	26	21981	3	2	83	0	0	0	0	0	0	0	0	0	0	0	0	0	0	
367.367033	8	6	3	0	2	7	1	3476	-550	26	22042	3	2	84	0	0	0	0	0	0	0	0	0	0	0	0	0	0	
368.372167	8	6	3	0	2	7	1	3435	-552	26	22102	3	2	85	0	0	0	0	0	0	0	0	0	0	0	0	0	0	
369.358567	8	6	3	0	2	7	1	3376	-550	26	22161	3	2	86	0	0	0	0	0	0	0	0	0	0	0	0	0	0	
370.365117	8	6	3	0	2	7	1	3291	-551	26	22222	3	2	87	0	0	0	0	0	0	0	0	0	0	0	0	0	0	
371.370233	8	6	3	0	2	7	1	3159	-549	26	22282	3	2	87	0	0	0	0	0	0	0	0	0	0	0	0	0	0	
372.356633	8	6	3	0	2	7	1	2878	-549	26	22341	3	2	88	0	0	0	0	0	0	0	0	0	0	0	0	0	0	
372.771367	8	15	3	0	1	31	2	2814	55	26	22366	4	2	89	0	0	0	0	0	0	0	0	0	0	0	0	0	0	
372.792967	8	4	3	0	1	3	2	2882	54	26	22367	4	2	89	0	0	0	0	0	0	0	0	0	0	0	0	0	0	
372.888000	8	3	3	0	1	2	2	3016	103	26	22373	5	2	89	0	0	0	0	0	0	0	0	0	0	0	0	0	0	
373.367517	8	3	3	0	1	2	2	3421	549	26	22402	5	2	89	0	0	0	0	0	0	0	0	0	0	0	0	0	0	
374.374083	8	3	3	0	1	2	2	3587	550	26	22462	5	2	89	0	0	0	0	0	0	0	0	0	0	0	0	0	0	
375.359033	8	3	3	0	1	2	2	3665	549	26	22521	5	2	89	0	0	0	0	0	0	0	0	0	0	0	0	0	0	
376.364167	8	3	3	0	1	2	2	3716	549	26	22581	5	2	89	0	0	0	0	0	0	0	0	0	0	0	0	0	0	
377.372167	8	3	3	0	1	2	2	3750	549	26	22642	5	2	89	0	0	0	0	0	0	0	0	0	0	0	0	0	0	
378.355683	8	3	3	0	1	2	2	3769	549	26	22701	5	2	89	0	0	0	0	0	0	0	0	0	0	0	0	0	0	
379.362233	8	3	3	0	1	2	2	3778	549	26	22761	5	2	89	0	0	0	0	0	0	0	0	0	0	0	0	0	0	
380.368800	8	3	3	0	1	2	2	3785	549	26	22822	5	2	89	0	0	0	0	0	0	0	0	0	0	0	0	0	0	
381.372483	8	3	3	0	1	2	2	3792	549	26	22882	5	2	89	0	0	0	0	0	0	0	0	0	0	0	0	0	0	
382.358883	8	3	3	0	1	2	2	3798	550	26	22941	5	2	89	0	0	0	0	0	0	0	0	0	0	0	0	0	0	
383.368317	8	3	3	0	1	2	2	3804	549	26	23002	5	2	89	0	0	0	0	0	0	0	0	0	0	0	0	0	0	
384.370567	8	3	3	0	1	2	2	3810	549	26	23062	5	2	89	0	0	0	0	0	0	0	0	0	0	0	0	0	0	
385.358400	8	3	3	0	1	2	2	3816	550	26	23121	5	2	89	0	0	0	0	0	0	0	0	0	0	0	0	0	0	
386.366400	8	3	3	0	1	2	2	3822	550	26	23181	5	2	89	0	0	0	0	0	0	0	0	0	0	0	0	0	0	
387.368633	8	3	3	0	1	2	2	3829	550	26	23242	5	2	89	0	0	0	0	0	0	0	0	0	0	0	0	0	0	
388.373767	8	3	3	0	1	2	2	3835	550	26	23302	5	2	89	0	0	0	0	0	0	0	0	0	0	0	0	0	0	
389.365917	8	3	3	0	1	2	2	3841	550	26	23361	5	2	89	0	0	0	0	0	0	0	0	0	0	0	0	0	0	
390.368167	8	3	3	0	1	2	2	3848	549	26	23422	5	2	89	0	0	0	0	0	0	0	0	0	0	0	0	0	0	
391.373283	8	3	3	0	1	2	2	3854	550	26	23482	5	2	89	0	0	0	0	0	0	0	0	0	0	0	0	0	0	
392.362567	8	3	3	0	1	2	2	3859	550	26	23541	5	2	89	0	0	0	0	0	0	0	0	0	0	0	0	0	0	
393.364800	8	3	3	0	1	2	2	3865	550	26	23601	5	2	89	0	0	0	0	0	0	0	0	0	0	0	0	0	0	
394.371367	8	3	3	0	1	2	2	3870	550	26	23662	5	2	89	0	0	0	0	0	0	0	0	0	0	0	0	0	0	
395.357767	8	3	3	0	1	2	2	3874	550	26	23721	5	2	89	0	0	0	0	0	0	0	0	0	0	0	0	0	0	
396.362883	8	3	3	0	1	2	2	3878	549	26	23781	5	2	89	0	0	0	0	0	0	0	0	0	0	0	0	0	0	
397.368000	8	3	3	0	1	2	2	3882	549	26	23842	5	2	89	0	0	0	0	0	0	0	0	0	0	0	0	0	0	
398.374567	8	3	3	0	1	2	2	3886	550	26	23902	5	2	89	0	0	0	0	0	0	0	0	0	0	0	0	0	0	
399.359517	8	3	3	0	1	2	2	3888	550	26	23961	5	2	89	0	0	0	0	0	0	0	0	0	0	0	0	0	0	
400.366083	8	3	3	0	1	2	2	3891	549	26	24021	5	2	89	0	0	0	0	0	0	0	0	0	0	0	0	0	0	
401.371200	8	3	3	0	1	2	2	3894	549	26	24082	5	2	89	0	0	0	0	0	0	0	0	0	0	0	0	0	0	
402.360483	8	3	3	0	1	2	2	3896	550	26	24141	5	2	89	0	0	0	0	0	0	0	0	0	0	0	0	0	0	
403.362717	8	3	3	0	1	2	2	3899	548	26	24201	5	2	89	0	0	0	0	0	0	0	0	0	0	0	0	0	0	
404.369283	8	3	3	0	1	2	2	3902	550	26	24262	5	2	89	0	0	0	0	0	0	0	0	0	0	0	0	0	0	
405.377283	8	3	3	0	1	2	2	3904	549	26	24322	5	2	89	0	0	0	0	0	0	0	0	0	0	0	0	0	0	
406.360800	8	3	3	0	1	2	2	3907	549	26	24381	5	2	89	0	0	0	0	0	0	0	0	0	0	0	0	0	0	
407.367367	8	3	3	0	1	2	2	3909	550	26	24441	5	2	89	0	0	0	0	0	0	0	0	0	0	0	0	0	0	
408.372483	8	3	3	0	1	2	2	3912	550	26	24502	5	2	89	0	0	0	0	0	0	0	0	0	0	0	0	0	0	
409.358883	8	3	3	0	1	2	2	3915	549	26	24561	5	2	89	0	0	0	0	0	0	0	0	0	0	0	0	0	0	
410.364000	8	3	3	0	1	2	2	3918	550	26	24621	5	2	89	0	0	0	0	0	0	0	0	0	0	0	0	0	0	
411.372000	8	3	3	0	1	2	2	3921	550	26	24682	5	2	89	0	0	0	0	0	0	0	0	0	0	0	0	0	0	
412.374233	8	3	3	0	1	2	2	3923	550	26	24742	5	2	89	0	0	0	0	0	0	0	0	0	0	0	0	0	0	
413.362083	8	3	3	0	1	2	2	3926	549	26	24801	5	2	89	0	0	0	0	0	0	0	0	0	0	0	0	0	0	
414.368633	8	3	3	0	1	2	2	3929	550	26	24861	5	2	89	0	0	0	0	0	0	0	0	0	0	0	0	0	0	
415.375200	8	3	3	0	1	2	2	3932	549	26	24922	5	2	89	0	0	0	0	0	0	0	0	0	0	0	0	0	0	
416.358717	8	3	3	0	1	2	2	3935	550	26	24981	5	2	89	0	0	0	0	0	0	0	0	0	0	0	0	0	0	
417.365283	8	3	3	0	1	2	2	3938	549	26	25041	5	2	89	0	0	0	0	0	0	0	0	0	0	0	0	0	0	
418.371833	8	3	3	0	1	2	2	3941	549	26	25102	5	2	89	0	0	0	0	0	0	0	0	0	0	0	0	0	0	
419.375517	8	3	3	0	1	2	2	3945	549	26	25162	5	2	89	0	0	0	0	0	0	0	0	0	0	0	0	0	0	
420.361917	8	3	3	0	1	2	2	3947	549	26	25221	5	2	89	0	0	0	0	0	0	0	0	0	0	0	0	0	0	
421.369917	8	3	3	0	1	2	2	3951	550	26	25281	5	2	89	0	0	0	0	0	0	0	0	0	0	0	0	0	0	
422.372167	8	3	3	0	1	2	2	3954	549	26	25342	5	2	89	0	0	0	0	0	0	0	0	0	0	0	0	0	0	
423.360000	8	3	3	0	1	2	2	3957	549	26	25401	5	2	89	0	0	0	0	0	0	0	0	0	0	0	0	0	0	
424.368000	8	3	3	0	1	2	2	3961	550	26	25461	5	2	89	0	0	0	0	0	0	0	0	0	0	0	0	0	0	
425.370233	8	3	3	0	1	2	2	3964	550	26	25522	5	2	89	0	0	0	0	0	0	0	0	0	0	0	0	0	0	
426.375367	8	3	3	0	1	2	2	3968	550	26	25582	5	2	89	0	0	0	0	0	0	0	0	0	0	0	0	0	0	
427.364633	8	3	3	0	1	2	2	3972	550	26	25641	5	2	89	0	0	0	0	0	0	0	0	0	0	0	0	0	0	
428.366883	8	3	3	0	1	2	2	3975	549	26	25701	5	2	89	0	0	0	0	0	0	0	0	0	0	0	0	0	0	
429.373433	8	3	3	0	1	2	2	3979	549	26	25762	5	2	89	0	0	0	0	0	0	0	0	0	0	0	0	0	0	
430.359833	8	3	3	0	1	2	2	3983	550	26	25821	5	2	89	0	0	0	0	0	0	0	0	0	0	0	0	0	0	
431.367833	8	3	3	0	1	2	2	3987	550	26	25881	5	2	89	0	0	0	0	0	0	0	0	0	0	0	0	0	0	
432.370083	8	3	3	0	1	2	2	3991	549	26	25942	5	2	89	0	0	0	0	0	0	0	0	0	0	0	0	0	0	
433.376633	8	3	3	0	1	2	2	3995	550	26	26002	5	2	89	0	0	0	0	0	0	0	0	0	0	0	0	0	0	
434.365917	8	3	3	0	1	2	2	3999	549	26	26061	5	2	89	0	0	0	0	0	0	0	0	0	0	0	0	0	0	
435.368167	8	3	3	0	1	2	2	4004	549	26	26121	5	2	89	0	0	0	0	0	0	0	0	0	0	0	0	0	0	
436.374717	8	3	3	0	1	2	2	4008	549	26	26182	5	2	89	0	0	0	0	0	0	0	0	0	0	0	0	0	0	
437.362567	8	3	3	0	1	2	2	4013	550	26	26241	5	2	89	0	0	0	0	0	0	0	0	0	0	0	0	0	0	
438.364800	8	3	3	0	1	2	2	4017	550	26	26301	5	2	89	0	0	0	0	0	0	0	0	0	0	0	0	0	0	
439.371367	8	3	3	0	1	2	2	4022	549	26	26362	5	2	89	0	0	0	0	0	0	0	0	0	0	0	0	0	0	
440.377917	8	3	3	0	1	2	2	4027	550	26	26422	5	2	89	0	0	0	0	0	0	0	0	0	0	0	0	0	0	
441.362883	8	3	3	0	1	2	2	4032	549	26	26481	5	2	89	0	0	0	0	0	0	0	0	0	0	0	0	0	0	
442.369433	8	3	3	0	1	2	2	4037	550	26	26541	5	2	89	0	0	0	0	0	0	0	0	0	0	0	0	0	0	
443.374567	8	3	3	0	1	2	2	4043	550	26	26602	5	2	89	0	0	0	0	0	0	0	0	0	0	0	0	0	0	
444.360967	8	3	3	0	1	2	2	4048	550	26	26661	5	2	89	0	0	0	0	0	0	0	0	0	0	0	0	0	0	
445.366083	8	3	3	0	1	2	2	4053	550	26	26721	5	2	89	0	0	0	0	0	0	0	0	0	0	0	0	0	0	
446.372633	8	3	3	0	1	2	2	4059	550	26	26782	5	2	89	0	0	0	0	0	0	0	0	0	0	0	0	0	0	
447.379200	8	3	3	0	1	2	2	4064	549	26	26842	5	2	89	0	0	0	0	0	0	0	0	0	0	0	0	0	0	
448.364167	8	3	3	0	1	2	2	4070	549	26	26901	5	2	89	0	0	0	0	0	0	0	0	0	0	0	0	0	0	
449.369283	8	3	3	0	1	2	2	4076	550	26	26961	5	2	89	0	0	0	0	0	0	0	0	0	0	0	0	0	0	
450.377283	8	3	3	0	1	2	2	4082	550	26	27022	5	2	89	0	0	0	0	0	0	0	0	0	0	0	0	0	0	
451.360800	8	3	3	0	1	2	2	4088	550	26	27081	5	2	89	0	0	0	0	0	0	0	0	0	0	0	0	0	0	
452.367367	8	3	3	0	1	2	2	4095	549	26	27141	5	2	89	0	0	0	0	0	0	0	0	0	0	0	0	0	0	
453.373917	8	3	3	0	1	2	2	4101	549	26	27202	5	2	89	0	0	0	0	0	0	0	0	0	0	0	0	0	0	
454.377600	8	3	3	0	1	2	2	4108	549	26	27262	5	2	89	0	0	0	0	0	0	0	0	0	0	0	0	0	0	
455.365433	8	3	3	0	1	2	2	4114	549	26	27321	5	2	89	0	0	0	0	0	0	0	0	0	0	0	0	0	0	
456.372000	8	3	3	0	1	2	2	4120	544	26	27381	5	2	89	0	0	0	0	0	0	0	0	0	0	0	0	0	0	
457.374233	8	3	3	0	1	2	2	4127	543	26	27442	5	2	89	0	0	0	0	0	0	0	0	0	0	0	0	0	0	
458.362083	8	3	3	0	1	2	2	4133	542	26	27501	5	2	89	0	0	0	0	0	0	0	0	0	0	0	0	0	0	
459.365767	8	3	3	0	1	2	2	4140	542	26	27561	5	2	89	0	0	0	0	0	0	0	0	0	0	0	0	0	0	
460.372317	8	3	3	0	1	2	2	4147	540	26	27622	5	2	89	0	0	0	0	0	0	0	0	0	0	0	0	0	0	
461.377433	8	3	3	0	1	2	2	4154	541	26	27682	5	2	89	0	0	0	0	0	0	0	0	0	0	0	0	0	0	
462.366717	8	3	3	0	1	2	2	4161	540	26	27741	5	2	89	0	0	0	0	0	0	0	0	0	0	0	0	0	0	
463.368967	8	3	3	0	1	2	2	4168	538	26	27801	5	2	89	0	0	0	0	0	0	0	0	0	0	0	0	0	0	
464.375517	8	3	3	0	1	2	2	4176	537	26	27862	5	2	89	0	0	0	0	0	0	0	0	0	0	0	0	0	0	
465.382083	8	3	3	0	1	2	2	4183	537	26	27922	5	2	89	0	0	0	0	0	0	0	0	0	0	0	0	0	0	
466.367033	8	3	3	0	1	2	2	4190	536	26	27981	5	2	89	0	0	0	0	0	0	0	0	0	0	0	0	0	0	
467.372167	8	3	3	0	1	2	2	4197	534	26	28042	5	2	89	0	0	0	0	0	0	0	0	0	0	0	0	0	0	
468.378717	8	3	3	0	1	2	2	4204	527	26	28102	5	2	89	0	0	0	0	0	0	0	0	0	0	0	0	0	0	
469.365117	8	3	3	0	1	2	2	4204	481	26	28161	5	2	89	0	0	0	0	0	0	0	0	0	0	0	0	0	0	
470.370233	8	3	3	0	1	2	2	4204	446	26	28221	5	2	89	0	0	0	0	0	0	0	0	0	0	0	0	0	0	
471.376800	8	3	3	0	1	2	2	4204	417	26	28282	5	2	89	0	0	0	0	0	0	0	0	0	0	0	0	0	0	
472.383367	8	3	3	0	1	2	2	4204	388	26	28342	5	2	89	0	0	0	0	0	0	0	0	0	0	0	0	0	0	
473.368317	8	3	3	0	1	2	2	4204	363	26	28401	5	2	89	0	0	0	0	0	0	0	0	0	0	0	0	0	0	
474.373433	8	3	3	0	1	2	2	4204	338	26	28462	5	2	89	0	0	0	0	0	0	0	0	0	0	0	0	0	0	
475.381433	8	3	3	0	1	2	2	4204	317	26	28522	5	2	89	0	0	0	0	0	0	0	0	0	0	0	0	0	0	
476.364967	8	3	3	0	1	2	2	4204	297	26	28581	5	2	89	0	0	0	0	0	0	0	0	0	0	0	0	0	0	
477.371517	8	3	3	0	1	2	2	4204	277	26	28641	5	2	89	0	0	0	0	0	0	0	0	0	0	0	0	0	0	
478.378083	8	3	3	0	1	2	2	4204	260	26	28702	5	2	89	0	0	0	0	0	0	0	0	0	0	0	0	0	0	
479.381767	8	3	3	0	1	2	2	4204	244	26	28762	5	2	89	0	0	0	0	0	0	0	0	0	0	0	0	0	0	
480.368167	8	3	3	0	1	2	2	4204	228	26	28821	5	2	89	0	0	0	0	0	0	0	0	0	0	0	0	0	0	
481.376167	8	3	3	0	1	2	2	4204	214	26	28882	5	2	89	0	0	0	0	0	0	0	0	0	0	0	0	0	0	
482.378400	8	3	3	0	1	2	2	4204	200	26	28942	5	2	89	0	0	0	0	0	0	0	0	0	0	0	0	0	0	
483.366233	8	3	3	0	1	2	2	4204	187	26	29001	5	2	89	0	0	0	0	0	0	0	0	0	0	0	0	0	0	
484.371367	8	3	3	0	1	2	2	4204	177	26	29061	5	2	89	0	0	0	0	0	0	0	0	0	0	0	0	0	0	
485.379367	8	3	3	0	1	2	2	4204	164	26	29122	5	2	89	0	0	0	0	0	0	0	0	0	0	0	0	0	0	
486.381600	8	3	3	0	1	2	2	4204	155	26	29182	5	2	89	0	0	0	0	0	0	0	0	0	0	0	0	0	0	
487.369433	8	3	3	0	1	2	2	4204	145	26	29241	5	2	89	0	0	0	0	0	0	0	0	0	0	0	0	0	0	
488.377433	8	3	3	0	1	2	2	4204	136	26	29302	5	2	89	0	0	0	0	0	0	0	0	0	0	0	0	0	0	
489.379683	8	3	3	0	1	2	2	4204	128	26	29362	5	2	89	0	0	0	0	0	0	0	0	0	0	0	0	0	0	
490.367517	8	3	3	0	1	2	2	4204	120	26	29421	5	2	89	0	0	0	0	0	0	0	0	0	0	0	0	0	0	
491.374083	8	3	3	0	1	2	2	4204	112	26	29481	5	2	89	0	0	0	0	0	0	0	0	0	0	0	0	0	0	
492.376317	8	3	3	0	1	2	2	4204	106	26	29542	5	2	89	0	0	0	0	0	0	0	0	0	0	0	0	0	0	
493.382883	8	3	3	0	1	2	2	4204	100	26	29602	5	2	89	0	0	0	0	0	0	0	0	0	0	0	0	0	0	
494.372167	8	3	3	0	1	2	2	4204	94	26	29661	5	2	89	0	0	0	0	0	0	0	0	0	0	0	0	0	0	
495.374400	8	3	3	0	1	2	2	4204	89	26	29722	5	2	89	0	0	0	0	0	0	0	0	0	0	0	0	0	0	
496.380967	8	3	3	0	1	2	2	4204	83	26	29782	5	2	89	0	0	0	0	0	0	0	0	0	0	0	0	0	0	
497.367367	8	3	3	0	1	2	2	4204	78	26	29841	5	2	89	0	0	0	0	0	0	0	0	0	0	0	0	0	0	
498.375367	8	3	3	0	1	2	2	4204	74	26	29901	5	2	89	0	0	0	0	0	0	0	0	0	0	0	0	0	0	
499.377600	8	3	3	0	1	2	2	4204	71	26	29962	5	2	89	0	0	0	0	0	0	0	0	0	0	0	0	0	0	
500.384167	8	3	3	0	1	2	2	4204	66	26	30022	5	2	89	0	0	0	0	0	0	0	0	0	0	0	0	0	0	
501.369117	8	3	3	0	1	2	2	4204	62	26	30081	5	2	89	0	0	0	0	0	0	0	0	0	0	0	0	0	0	
502.378567	8	3	3	0	1	2	2	4204	58	26	30142	5	2	89	0	0	0	0	0	0	0	0	0	0	0	0	0	0	
503.304483	8	6	3	0	2	7	1	4196	-75	26	30197	5	3	0	0	0	0	0	0	0	0	0	0	0	0	0	0	0	
503.370717	8	6	3	0	2	7	1	4138	-550	26	30201	5	3	0	0	0	0	0	0	0	0	0	0	0	0	0	0	0	
504.377283	8	6	3	0	2	7	1	4098	-547	26	30261	5	3	0	0	0	0	0	0	0	0	0	0	0	0	0	0	0	
505.379517	8	6	3	0	2	7	1	4080	-550	26	30322	5	3	1	0	0	0	0	0	0	0	0	0	0	0	0	0	0	
506.367367	8	6	3	0	2	7	1	4067	-549	26	30381	5	3	2	0	0	0	0	0	0	0	0	0	0	0	0	0	0	
507.373917	8	6	3	0	2	7	1	4057	-549	26	30441	5	3	3	0	0	0	0	0	0	0	0	0	0	0	0	0	0	
508.376167	8	6	3	0	2	7	1	4047	-550	26	30502	5	3	4	0	0	0	0	0	0	0	0	0	0	0	0	0	0	
509.382717	8	6	3	0	2	7	1	4038	-550	26	30562	5	3	4	0	0	0	0	0	0	0	0	0	0	0	0	0	0	
510.372000	8	6	3	0	2	7	1	4030	-549	26	30621	5	3	5	0	0	0	0	0	0	0	0	0	0	0	0	0	0	
511.374233	8	6	3	0	2	7	1	4021	-549	26	30681	5	3	6	0	0	0	0	0	0	0	0	0	0	0	0	0	0	
512.383683	8	6	3	0	2	7	1	4013	-550	26	30742	5	3	7	0	0	0	0	0	0	0	0	0	0	0	0	0	0	
513.371517	8	6	3	0	2	7	1	4004	-549	26	30801	5	3	8	0	0	0	0	0	0	0	0	0	0	0	0	0	0	
514.378083	8	6	3	0	2	7	1	3996	-549	26	30862	5	3	9	0	0	0	0	0	0	0	0	0	0	0	0	0	0	
515.380317	8	6	3	0	2	7	1	3988	-549	26	30922	5	3	9	0	0	0	0	0	0	0	0	0	0	0	0	0	0	
516.368167	8	6	3	0	2	7	1	3980	-549	26	30981	5	3	10	0	0	0	0	0	0	0	0	0	0	0	0	0	0	
517.376167	8	6	3	0	2	7	1	3972	-550	26	31041	5	3	11	0	0	0	0	0	0	0	0	0	0	0	0	0	0	
518.378400	8	6	3	0	2	7	1	3964	-548	26	31102	5	3	12	0	0	0	0	0	0	0	0	0	0	0	0	0	0	
519.384967	8	6	3	0	2	7	1	3956	-549	26	31162	5	3	13	0	0	0	0	0	0	0	0	0	0	0	0	0	0	
520.372800	8	6	3	0	2	7	1	3948	-549	26	31221	5	3	14	0	0	0	0	0	0	0	0	0	0	0	0	0	0	
521.376483	8	6	3	0	2	7	1	3941	-548	26	31282	5	3	14	0	0	0	0	0	0	0	0	0	0	0	0	0	0	
522.381600	8	6	3	0	2	7	1	3933	-551	26	31342	5	3	15	0	0	0	0	0	0	0	0	0	0	0	0	0	0	
523.370883	8	6	3	0	2	7	1	3926	-551	26	31401	5	3	16	0	0	0	0	0	0	0	0	0	0	0	0	0	0	
524.373117	8	6	3	0	2	7	1	3918	-550	26	31461	5	3	17	0	0	0	0	0	0	0	0	0	0	0	0	0	0	
525.379683	8	6	3	0	2	7	1	3911	-551	26	31522	5	3	18	0	0	0	0	0	0	0	0	0	0	0	0	0	0	
526.384800	8	6	3	0	2	7	1	3903	-549	26	31582	5	3	18	0	0	0	0	0	0	0	0	0	0	0	0	0	0	
527.371200	8	6	3	0	2	7	1	3896	-548	26	31641	5	3	19	0	0	0	0	0	0	0	0	0	0	0	0	0	0	
528.376317	8	6	3	0	2	7	1	3889	-550	26	31702	5	3	20	0	0	0	0	0	0	0	0	0	0	0	0	0	0	
529.382883	8	6	3	0	2	7	1	3882	-551	26	31762	5	3	21	0	0	0	0	0	0	0	0	0	0	0	0	0	0	
530.367833	8	6	3	0	2	7	1	3875	-549	26	31821	5	3	22	0	0	0	0	0	0	0	0	0	0	0	0	0	0	
531.374400	8	6	3	0	2	7	1	3868	-550	26	31881	5	3	23	0	0	0	0	0	0	0	0	0	0	0	0	0	0	
532.379517	8	6	3	0	2	7	1	3861	-548	26	31942	5	3	23	0	0	0	0	0	0	0	0	0	0	0	0	0	0	
533.387517	8	6	3	0	2	7	1	3855	-548	26	32002	5	3	24	0	0	0	0	0	0	0	0	0	0	0	0	0	0	
534.371033	8	6	3	0	2	7	1	3848	-548	26	32061	5	3	25	0	0	0	0	0	0	0	0	0	0	0	0	0	0	
535.377600	8	6	3	0	2	7	1	3842	-549	26	32122	5	3	26	0	0	0	0	0	0	0	0	0	0	0	0	0	0	
536.385600	8	6	3	0	2	7	1	3835	-549	26	32182	5	3	27	0	0	0	0	0	0	0	0	0	0	0	0	0	0	
537.369117	8	6	3	0	2	7	1	3829	-549	26	32241	5	3	27	0	0	0	0	0	0	0	0	0	0	0	0	0	0	
538.374233	8	6	3	0	2	7	1	3823	-550	26	32301	5	3	28	0	0	0	0	0	0	0	0	0	0	0	0	0	0	
539.382233	8	6	3	0	2	7	1	3817	-551	26	32362	5	3	29	0	0	0	0	0	0	0	0	0	0	0	0	0	0	
540.384483	8	6	3	0	2	7	1	3811	-549	26	32422	5	3	30	0	0	0	0	0	0	0	0	0	0	0	0	0	0	
541.372317	8	6	3	0	2	7	1	3805	-549	26	32481	5	3	31	0	0	0	0	0	0	0	0	0	0	0	0	0	0	
542.380317	8	6	3	0	2	7	1	3800	-551	26	32542	5	3	32	0	0	0	0	0	0	0	0	0	0	0	0	0	0	
543.382567	8	6	3	0	2	7	1	3794	-550	26	32602	5	3	32	0	0	0	0	0	0	0	0	0	0	0	0	0	0	
544.368967	8	6	3	0	2	7	1	3789	-549	26	32661	5	3	33	0	0	0	0	0	0	0	0	0	0	0	0	0	0	
545.376967	8	6	3	0	2	7	1	3783	-549	26	32721	5	3	34	0	0	0	0	0	0	0	0	0	0	0	0	0	0	
546.379200	8	6	3	0	2	7	1	3778	-549	26	32782	5	3	35	0	0	0	0	0	0	0	0	0	0	0	0	0	0	
547.385767	8	6	3	0	2	7	1	3773	-549	26	32842	5	3	36	0	0	0	0	0	0	0	0	0	0	0	0	0	0	
548.375033	8	6	3	0	2	7	1	3768	-551	26	32901	5	3	36	0	0	0	0	0	0	0	0	0	0	0	0	0	0	
549.377283	8	6	3	0	2	7	1	3763	-550	26	32961	5	3	37	0	0	0	0	0	0	0	0	0	0	0	0	0	0	
550.383833	8	6	3	0	2	7	1	3759	-550	26	33022	5	3	38	0	0	0	0	0	0	0	0	0	0	0	0	0	0	
551.370233	8	6	3	0	2	7	1	3754	-549	26	33081	5	3	39	0	0	0	0	0	0	0	0	0	0	0	0	0	0	
552.373917	8	6	3	0	2	7	1	3750	-551	26	33141	5	3	40	0	0	0	0	0	0	0	0	0	0	0	0	0	0	
553.380483	8	6	3	0	2	7	1	3745	-549	26	33202	5	3	41	0	0	0	0	0	0	0	0	0	0	0	0	0	0	
554.387033	8	6	3	0	2	7	1	3741	-550	26	33262	5	3	41	0	0	0	0	0	0	0	0	0	0	0	0	0	0	
555.372000	8	6	3	0	2	7	1	3737	-549	26	33321	5	3	42	0	0	0	0	0	0	0	0	0	0	0	0	0	0	
556.378567	8	6	3	0	2	7	1	3733	-549	26	33381	5	3	43	0	0	0	0	0	0	0	0	0	0	0	0	0	0	
557.383683	8	6	3	0	2	7	1	3729	-548	26	33442	5	3	44	0	0	0	0	0	0	0	0	0	0	0	0	0	0	
558.372967	8	6	3	0	2	7	1	3725	-551	26	33501	5	3	45	0	0	0	0	0	0	0	0	0	0	0	0	0	0	
559.375200	8	6	3	0	2	7	1	3721	-550	26	33561	5	3	45	0	0	0	0	0	0	0	0	0	0	0	0	0	0	
560.381767	8	6	3	0	2	7	1	3717	-550	26	33622	5	3	46	0	0	0	0	0	0	0	0	0	0	0	0	0	0	
561.388317	8	6	3	0	2	7	1	3713	-550	26	33682	5	3	47	0	0	0	0	0	0	0	0	0	0	0	0	0	0	
562.373283	8	6	3	0	2	7	1	3710	-550	26	33741	5	3	48	0	0	0	0	0	0	0	0	0	0	0	0	0	0	
563.378400	8	6	3	0	2	7	1	3706	-550	26	33801	5	3	49	0	0	0	0	0	0	0	0	0	0	0	0	0	0	
564.384967	8	6	3	0	2	7	1	3703	-550	26	33862	5	3	50	0	0	0	0	0	0	0	0	0	0	0	0	0	0	
565.369917	8	6	3	0	2	7	1	3699	-550	26	33921	5	3	50	0	0	0	0	0	0	0	0	0	0	0	0	0	0	
566.376483	8	6	3	0	2	7	1	3696	-549	26	33981	5	3	51	0	0	0	0	0	0	0	0	0	0	0	0	0	0	
567.383033	8	6	3	0	2	7	1	3693	-549	26	34042	5	3	52	0	0	0	0	0	0	0	0	0	0	0	0	0	0	
568.386717	8	6	3	0	2	7	1	3689	-550	26	34102	5	3	53	0	0	0	0	0	0	0	0	0	0	0	0	0	0	
569.373117	8	6	3	0	2	7	1	3686	-550	26	34161	5	3	54	0	0	0	0	0	0	0	0	0	0	0	0	0	0	
570.381117	8	6	3	0	2	7	1	3683	-550	26	34221	5	3	55	0	0	0	0	0	0	0	0	0	0	0	0	0	0	
571.387683	8	6	3	0	2	7	1	3680	-549	26	34282	5	3	55	0	0	0	0	0	0	0	0	0	0	0	0	0	0	
572.371200	8	6	3	0	2	7	1	3677	-549	26	34341	5	3	56	0	0	0	0	0	0	0	0	0	0	0	0	0	0	
573.376317	8	6	3	0	2	7	1	3675	-549	26	34401	5	3	57	0	0	0	0	0	0	0	0	0	0	0	0	0	0	
574.384317	8	6	3	0	2	7	1	3672	-551	26	34462	5	3	58	0	0	0	0	0	0	0	0	0	0	0	0	0	0	
575.386567	8	6	3	0	2	7	1	3669	-549	26	34522	5	3	59	0	0	0	0	0	0	0	0	0	0	0	0	0	0	
576.374400	8	6	3	0	2	7	1	3667	-548	26	34581	5	3	59	0	0	0	0	0	0	0	0	0	0	0	0	0	0	
577.382400	8	6	3	0	2	7	1	3664	-550	26	34641	5	3	60	0	0	0	0	0	0	0	0	0	0	0	0	0	0	
578.384633	8	6	3	0	2	7	1	3661	-549	26	34702	5	3	61	0	0	0	0	0	0	0	0	0	0	0	0	0	0	
579.372483	8	6	3	0	2	7	1	3659	-548	26	34761	5	3	62	0	0	0	0	0	0	0	0	0	0	0	0	0	0	
580.379033	8	6	3	0	2	7	1	3656	-549	26	34821	5	3	63	0	0	0	0	0	0	0	0	0	0	0	0	0	0	
581.382717	8	6	3	0	2	7	1	3653	-549	26	34882	5	3	64	0	0	0	0	0	0	0	0	0	0	0	0	0	0	
582.387833	8	6	3	0	2	7	1	3651	-550	26	34942	5	3	64	0	0	0	0	0	0	0	0	0	0	0	0	0	0	
583.377117	8	6	3	0	2	7	1	3648	-549	26	35001	5	3	65	0	0	0	0	0	0	0	0	0	0	0	0	0	0	
584.379367	8	6	3	0	2	7	1	3645	-551	26	35061	5	3	66	0	0	0	0	0	0	0	0	0	0	0	0	0	0	
585.385917	8	6	3	0	2	7	1	3642	-549	26	35122	5	3	67	0	0	0	0	0	0	0	0	0	0	0	0	0	0	
586.372317	8	6	3	0	2	7	1	3639	-549	26	35181	5	3	68	0	0	0	0	0	0	0	0	0	0	0	0	0	0	
587.380317	8	6	3	0	2	7	1	3635	-550	26	35241	5	3	69	0	0	0	0	0	0	0	0	0	0	0	0	0	0	
588.382567	8	6	3	0	2	7	1	3632	-549	26	35302	5	3	69	0	0	0	0	0	0	0	0	0	0	0	0	0	0	
589.389117	8	6	3	0	2	7	1	3629	-548	26	35362	5	3	70	0	0	0	0	0	0	0	0	0	0	0	0	0	0	
590.378400	8	6	3	0	2	7	1	3625	-551	26	35421	5	3	71	0	0	0	0	0	0	0	0	0	0	0	0	0	0	
591.380633	8	6	3	0	2	7	1	3621	-550	26	35481	5	3	72	0	0	0	0	0	0	0	0	0	0	0	0	0	0	
592.385767	8	6	3	0	2	7	1	3617	-549	26	35542	5	3	73	0	0	0	0	0	0	0	0	0	0	0	0	0	0	
593.375033	8	6	3	0	2	7	1	3613	-549	26	35601	5	3	73	0	0	0	0	0	0	0	0	0	0	0	0	0	0	
594.377283	8	6	3	0	2	7	1	3608	-548	26	35661	5	3	74	0	0	0	0	0	0	0	0	0	0	0	0	0	0	
595.383833	8	6	3	0	2	7	1	3603	-549	26	35722	5	3	75	0	0	0	0	0	0	0	0	0	0	0	0	0	0	
596.388967	8	6	3	0	2	7	1	3597	-550	26	35782	5	3	76	0	0	0	0	0	0	0	0	0	0	0	0	0	0	
597.375367	8	6	3	0	2	7	1	3592	-550	26	35841	5	3	77	0	0	0	0	0	0	0	0	0	0	0	0	0	0	
598.380483	8	6	3	0	2	7	1	3586	-551	26	35901	5	3	78	0	0	0	0	0	0	0	0	0	0	0	0	0	0	
599.387033	8	6	3	0	2	7	1	3580	-550	26	35962	5	3	78	0	0	0	0	0	0	0	0	0	0	0	0	0	0	
600.376317	8	6	3	0	2	7	1	3574	-547	26	36021	5	3	79	0	0	0	0	0	0	0	0	0	0	0	0	0	0	
601.378567	8	6	3	0	2	7	1	3566	-549	26	36081	5	3	80	0	0	0	0	0	0	0	0	0	0	0	0	0	0	
602.385117	8	6	3	0	2	7	1	3556	-551	26	36142	5	3	81	0	0	0	0	0	0	0	0	0	0	0	0	0	0	
603.391683	8	6	3	0	2	7	1	3545	-550	26	36202	5	3	82	0	0	0	0	0	0	0	0	0	0	0	0	0	0	
604.376633	8	6	3	0	2	7	1	3530	-550	26	36261	5	3	82	0	0	0	0	0	0	0	0	0	0	0	0	0	0	
605.381767	8	6	3	0	2	7	1	3510	-550	26	36321	5	3	83	0	0	0	0	0	0	0	0	0	0	0	0	0	0	
606.388317	8	6	3	0	2	7	1	3483	-550	26	36382	5	3	84	0	0	0	0	0	0	0	0	0	0	0	0	0	0	
607.373283	8	6	3	0	2	7	1	3444	-548	26	36441	5	3	85	0	0	0	0	0	0	0	0	0	0	0	0	0	0	
608.379833	8	6	3	0	2	7	1	3387	-550	26	36501	5	3	86	0	0	0	0	0	0	0	0	0	0	0	0	0	0	
609.384967	8	6	3	0	2	7	1	3305	-549	26	36562	5	3	87	0	0	0	0	0	0	0	0	0	0	0	0	0	0	
610.392967	8	6	3	0	2	7	1	3179	-549	26	36622	5	3	87	0	0	0	0	0	0	0	0	0	0	0	0	0	0	
611.376483	8	6	3	0	2	7	1	2928	-548	26	36681	5	3	88	0	0	0	0	0	0	0	0	0	0	0	0	0	0	
611.886233	8	15	3	0	1	31	2	2709	16	26	36712	6	3	89	0	0	0	0	0	0	0	0	0	0	0	0	0	0	
611.906400	8	4	3	0	1	3	2	2861	57	26	36713	6	3	89	0	0	0	0	0	0	0	0	0	0	0	0	0	0	
612.021600	8	3	3	0	1	2	2	3115	550	26	36720	7	3	89	0	0	0	0	0	0	0	0	0	0	0	0	0	0	
612.387367	8	3	3	0	1	2	2	3388	550	26	36742	7	3	89	0	0	0	0	0	0	0	0	0	0	0	0	0	0	
613.373767	8	3	3	0	1	2	2	3572	549	26	36801	7	3	89	0	0	0	0	0	0	0	0	0	0	0	0	0	0	
614.378883	8	3	3	0	1	2	2	3657	550	26	36861	7	3	89	0	0	0	0	0	0	0	0	0	0	0	0	0	0	
615.385433	8	3	3	0	1	2	2	3709	550	26	36922	7	3	89	0	0	0	0	0	0	0	0	0	0	0	0	0	0	
616.389117	8	3	3	0	1	2	2	3745	549	26	36982	7	3	89	0	0	0	0	0	0	0	0	0	0	0	0	0	0	
617.376967	8	3	3	0	1	2	2	3766	549	26	37041	7	3	89	0	0	0	0	0	0	0	0	0	0	0	0	0	0	
618.384967	8	3	3	0	1	2	2	3776	550	26	37101	7	3	89	0	0	0	0	0	0	0	0	0	0	0	0	0	0	
619.387200	8	3	3	0	1	2	2	3783	550	26	37162	7	3	89	0	0	0	0	0	0	0	0	0	0	0	0	0	0	
620.392317	8	3	3	0	1	2	2	3789	549	26	37222	7	3	89	0	0	0	0	0	0	0	0	0	0	0	0	0	0	
621.381600	8	3	3	0	1	2	2	3796	550	26	37281	7	3	89	0	0	0	0	0	0	0	0	0	0	0	0	0	0	
622.383833	8	3	3	0	1	2	2	3802	550	26	37342	7	3	89	0	0	0	0	0	0	0	0	0	0	0	0	0	0	
623.390400	8	3	3	0	1	2	2	3808	549	26	37402	7	3	89	0	0	0	0	0	0	0	0	0	0	0	0	0	0	
624.379683	8	3	3	0	1	2	2	3814	549	26	37461	7	3	89	0	0	0	0	0	0	0	0	0	0	0	0	0	0	
625.381917	8	3	3	0	1	2	2	3820	550	26	37521	7	3	89	0	0	0	0	0	0	0	0	0	0	0	0	0	0	
626.387033	8	3	3	0	1	2	2	3827	549	26	37582	7	3	89	0	0	0	0	0	0	0	0	0	0	0	0	0	0	
627.393600	8	3	3	0	1	2	2	3833	550	26	37642	7	3	89	0	0	0	0	0	0	0	0	0	0	0	0	0	0	
628.378567	8	3	3	0	1	2	2	3839	549	26	37701	7	3	89	0	0	0	0	0	0	0	0	0	0	0	0	0	0	
629.385117	8	3	3	0	1	2	2	3845	549	26	37762	7	3	89	0	0	0	0	0	0	0	0	0	0	0	0	0	0	
630.393117	8	3	3	0	1	2	2	3852	550	26	37822	7	3	89	0	0	0	0	0	0	0	0	0	0	0	0	0	0	
631.376633	8	3	3	0	1	2	2	3857	550	26	37881	7	3	89	0	0	0	0	0	0	0	0	0	0	0	0	0	0	
632.384633	8	3	3	0	1	2	2	3863	550	26	37941	7	3	89	0	0	0	0	0	0	0	0	0	0	0	0	0	0	
633.386883	8	3	3	0	1	2	2	3868	549	26	38002	7	3	89	0	0	0	0	0	0	0	0	0	0	0	0	0	0	
634.392000	8	3	3	0	1	2	2	3873	549	26	38062	7	3	89	0	0	0	0	0	0	0	0	0	0	0	0	0	0	
635.381283	8	3	3	0	1	2	2	3877	549	26	38121	7	3	89	0	0	0	0	0	0	0	0	0	0	0	0	0	0	
636.383517	8	3	3	0	1	2	2	3880	549	26	38181	7	3	89	0	0	0	0	0	0	0	0	0	0	0	0	0	0	
637.390083	8	3	3	0	1	2	2	3884	550	26	38242	7	3	89	0	0	0	0	0	0	0	0	0	0	0	0	0	0	
638.379367	8	3	3	0	1	2	2	3887	550	26	38301	7	3	89	0	0	0	0	0	0	0	0	0	0	0	0	0	0	
639.381600	8	3	3	0	1	2	2	3889	550	26	38361	7	3	89	0	0	0	0	0	0	0	0	0	0	0	0	0	0	
640.386717	8	3	3	0	1	2	2	3892	549	26	38422	7	3	89	0	0	0	0	0	0	0	0	0	0	0	0	0	0	
641.393283	8	3	3	0	1	2	2	3895	549	26	38482	7	3	89	0	0	0	0	0	0	0	0	0	0	0	0	0	0	
642.379683	8	3	3	0	1	2	2	3897	549	26	38541	7	3	89	0	0	0	0	0	0	0	0	0	0	0	0	0	0	
643.384800	8	3	3	0	1	2	2	3900	550	26	38601	7	3	89	0	0	0	0	0	0	0	0	0	0	0	0	0	0	
644.392800	8	3	3	0	1	2	2	3903	550	26	38662	7	3	89	0	0	0	0	0	0	0	0	0	0	0	0	0	0	
645.376317	8	3	3	0	1	2	2	3905	549	26	38721	7	3	89	0	0	0	0	0	0	0	0	0	0	0	0	0	0	
646.384317	8	3	3	0	1	2	2	3908	549	26	38781	7	3	89	0	0	0	0	0	0	0	0	0	0	0	0	0	0	
647.389433	8	3	3	0	1	2	2	3911	550	26	38842	7	3	89	0	0	0	0	0	0	0	0	0	0	0	0	0	0	
648.375833	8	3	3	0	1	2	2	3913	550	26	38901	7	3	89	0	0	0	0	0	0	0	0	0	0	0	0	0	0	
649.380967	8	3	3	0	1	2	2	3916	549	26	38961	7	3	89	0	0	0	0	0	0	0	0	0	0	0	0	0	0	
650.387517	8	3	3	0	1	2	2	3919	550	26	39022	7	3	89	0	0	0	0	0	0	0	0	0	0	0	0	0	0	
651.395517	8	3	3	0	1	2	2	3922	550	26	39082	7	3	89	0	0	0	0	0	0	0	0	0	0	0	0	0	0	
652.379033	8	3	3	0	1	2	2	3925	550	26	39141	7	3	89	0	0	0	0	0	0	0	0	0	0	0	0	0	0	
653.384167	8	3	3	0	1	2	2	3928	549	26	39201	7	3	89	0	0	0	0	0	0	0	0	0	0	0	0	0	0	
654.392167	8	3	3	0	1	2	2	3931	549	26	39262	7	3	89	0	0	0	0	0	0	0	0	0	0	0	0	0	0	
655.394400	8	3	3	0	1	2	2	3934	549	26	39322	7	3	89	0	0	0	0	0	0	0	0	0	0	0	0	0	0	
656.382233	8	3	3	0	1	2	2	3937	550	26	39381	7	3	89	0	0	0	0	0	0	0	0	0	0	0	0	0	0	
657.390233	8	3	3	0	1	2	2	3940	549	26	39442	7	3	89	0	0	0	0	0	0	0	0	0	0	0	0	0	0	
658.393917	8	3	3	0	1	2	2	3943	549	26	39502	7	3	89	0	0	0	0	0	0	0	0	0	0	0	0	0	0	
659.381767	8	3	3	0	1	2	2	3946	550	26	39561	7	3	89	0	0	0	0	0	0	0	0	0	0	0	0	0	0	
660.388317	8	3	3	0	1	2	2	3949	550	26	39622	7	3	89	0	0	0	0	0	0	0	0	0	0	0	0	0	0	
661.392000	8	3	3	0	1	2	2	3953	550	26	39682	7	3	89	0	0	0	0	0	0	0	0	0	0	0	0	0	0	
662.378400	8	3	3	0	1	2	2	3956	549	26	39741	7	3	89	0	0	0	0	0	0	0	0	0	0	0	0	0	0	
663.386400	8	3	3	0	1	2	2	3960	551	26	39801	7	3	89	0	0	0	0	0	0	0	0	0	0	0	0	0	0	
664.388633	8	3	3	0	1	2	2	3963	550	26	39862	7	3	89	0	0	0	0	0	0	0	0	0	0	0	0	0	0	
665.395200	8	3	3	0	1	2	2	3967	549	26	39922	7	3	89	0	0	0	0	0	0	0	0	0	0	0	0	0	0	
666.384483	8	3	3	0	1	2	2	3970	549	26	39981	7	3	89	0	0	0	0	0	0	0	0	0	0	0	0	0	0	
667.386717	8	3	3	0	1	2	2	3974	550	26	40041	7	3	89	0	0	0	0	0	0	0	0	0	0	0	0	0	0	
668.391833	8	3	3	0	1	2	2	3978	549	26	40102	7	3	89	0	0	0	0	0	0	0	0	0	0	0	0	0	0	
669.379683	8	3	3	0	1	2	2	3981	549	26	40161	7	3	89	0	0	0	0	0	0	0	0	0	0	0	0	0	0	
670.383367	8	3	3	0	1	2	2	3985	550	26	40221	7	3	89	0	0	0	0	0	0	0	0	0	0	0	0	0	0	
671.389917	8	3	3	0	1	2	2	3990	549	26	40282	7	3	89	0	0	0	0	0	0	0	0	0	0	0	0	0	0	
672.395033	8	3	3	0	1	2	2	3994	550	26	40342	7	3	89	0	0	0	0	0	0	0	0	0	0	0	0	0	0	
673.384317	8	3	3	0	1	2	2	3998	550	26	40401	7	3	89	0	0	0	0	0	0	0	0	0	0	0	0	0	0	
674.386567	8	3	3	0	1	2	2	4002	550	26	40461	7	3	89	0	0	0	0	0	0	0	0	0	0	0	0	0	0	
675.393117	8	3	3	0	1	2	2	4007	550	25	40522	7	3	89	0	0	0	0	0	0	0	0	0	0	0	0	0	0	
676.382400	8	3	3	0	1	2	2	4012	550	26	40581	7	3	89	0	0	0	0	0	0	0	0	0	0	0	0	0	0	
677.384633	8	3	3	0	1	2	2	4016	549	25	40641	7	3	89	0	0	0	0	0	0	0	0	0	0	0	0	0	0	
678.391200	8	3	3	0	1	2	2	4021	549	25	40702	7	3	89	0	0	0	0	0	0	0	0	0	0	0	0	0	0	
679.396317	8	3	3	0	1	2	2	4026	550	25	40762	7	3	89	0	0	0	0	0	0	0	0	0	0	0	0	0	0	
680.382717	8	3	3	0	1	2	2	4031	549	25	40821	7	3	89	0	0	0	0	0	0	0	0	0	0	0	0	0	0	
681.387833	8	3	3	0	1	2	2	4036	550	25	40881	7	3	89	0	0	0	0	0	0	0	0	0	0	0	0	0	0	
682.394400	8	3	3	0	1	2	2	4041	549	25	40942	7	3	89	0	0	0	0	0	0	0	0	0	0	0	0	0	0	
683.379367	8	3	3	0	1	2	2	4047	549	25	41001	7	3	89	0	0	0	0	0	0	0	0	0	0	0	0	0	0	
684.385917	8	3	3	0	1	2	2	4052	550	25	41061	7	3	89	0	0	0	0	0	0	0	0	0	0	0	0	0	0	
685.391033	8	3	3	0	1	2	2	4058	550	25	41122	7	3	89	0	0	0	0	0	0	0	0	0	0	0	0	0	0	
686.396167	8	3	3	0	1	2	2	4063	549	25	41182	7	3	89	0	0	0	0	0	0	0	0	0	0	0	0	0	0	
687.382567	8	3	3	0	1	2	2	4069	550	25	41241	7	3	89	0	0	0	0	0	0	0	0	0	0	0	0	0	0	
688.390567	8	3	3	0	1	2	2	4075	550	25	41301	7	3	89	0	0	0	0	0	0	0	0	0	0	0	0	0	0	
689.392800	8	3	3	0	1	2	2	4081	550	25	41362	7	3	89	0	0	0	0	0	0	0	0	0	0	0	0	0	0	
690.380633	8	3	3	0	1	2	2	4087	550	25	41421	7	3	89	0	0	0	0	0	0	0	0	0	0	0	0	0	0	
691.385767	8	3	3	0	1	2	2	4093	550	25	41481	7	3	89	0	0	0	0	0	0	0	0	0	0	0	0	0	0	
692.393767	8	3	3	0	1	2	2	4100	549	25	41542	7	3	89	0	0	0	0	0	0	0	0	0	0	0	0	0	0	
693.396000	8	3	3	0	1	2	2	4107	550	25	41602	7	3	89	0	0	0	0	0	0	0	0	0	0	0	0	0	0	
694.383833	8	3	3	0	1	2	2	4113	549	25	41661	7	3	89	0	0	0	0	0	0	0	0	0	0	0	0	0	0	
695.391833	8	3	3	0	1	2	2	4119	545	25	41721	7	3	89	0	0	0	0	0	0	0	0	0	0	0	0	0	0	
696.394083	8	3	3	0	1	2	2	4125	544	25	41782	7	3	89	0	0	0	0	0	0	0	0	0	0	0	0	0	0	
697.380483	8	3	3	0	1	2	2	4132	542	25	41841	7	3	89	0	0	0	0	0	0	0	0	0	0	0	0	0	0	
698.388483	8	3	3	0	1	2	2	4139	541	25	41901	7	3	89	0	0	0	0	0	0	0	0	0	0	0	0	0	0	
699.390717	8	3	3	0	1	2	2	4146	540	25	41962	7	3	89	0	0	0	0	0	0	0	0	0	0	0	0	0	0	
700.397283	8	3	3	0	1	2	2	4153	540	25	42022	7	3	89	0	0	0	0	0	0	0	0	0	0	0	0	0	0	
701.386567	8	3	3	0	1	2	2	4160	538	25	42081	7	3	89	0	0	0	0	0	0	0	0	0	0	0	0	0	0	
702.388800	8	3	3	0	1	2	2	4167	538	25	42141	7	3	89	0	0	0	0	0	0	0	0	0	0	0	0	0	0	
703.393917	8	3	3	0	1	2	2	4174	537	25	42202	7	3	89	0	0	0	0	0	0	0	0	0	0	0	0	0	0	
704.383200	8	3	3	0	1	2	2	4182	536	25	42261	7	3	89	0	0	0	0	0	0	0	0	0	0	0	0	0	0	
705.385433	8	3	3	0	1	2	2	4188	535	25	42321	7	3	89	0	0	0	0	0	0	0	0	0	0	0	0	0	0	
706.392000	8	3	3	0	1	2	2	4196	534	25	42382	7	3	89	0	0	0	0	0	0	0	0	0	0	0	0	0	0	
707.397117	8	3	3	0	1	2	2	4204	533	25	42442	7	3	89	0	0	0	0	0	0	0	0	0	0	0	0	0	0	
708.383517	8	3	3	0	1	2	2	4205	486	25	42501	7	3	89	0	0	0	0	0	0	0	0	0	0	0	0	0	0	
709.390083	8	3	3	0	1	2	2	4204	449	25	42561	7	3	89	0	0	0	0	0	0	0	0	0	0	0	0	0	0	
710.395200	8	3	3	0	1	2	2	4204	420	25	42622	7	3	89	0	0	0	0	0	0	0	0	0	0	0	0	0	0	
711.380167	8	3	3	0	1	2	2	4204	392	25	42681	7	3	89	0	0	0	0	0	0	0	0	0	0	0	0	0	0	
712.386717	8	3	3	0	1	2	2	4204	366	25	42741	7	3	89	0	0	0	0	0	0	0	0	0	0	0	0	0	0	
713.394717	8	3	3	0	1	2	2	4204	343	25	42802	7	3	89	0	0	0	0	0	0	0	0	0	0	0	0	0	0	
714.396967	8	3	3	0	1	2	2	4204	320	25	42862	7	3	89	0	0	0	0	0	0	0	0	0	0	0	0	0	0	
715.384800	8	3	3	0	1	2	2	4204	300	25	42921	7	3	89	0	0	0	0	0	0	0	0	0	0	0	0	0	0	
716.391367	8	3	3	0	1	2	2	4204	280	25	42981	7	3	89	0	0	0	0	0	0	0	0	0	0	0	0	0	0	
717.395033	8	3	3	0	1	2	2	4204	262	25	43042	7	3	89	0	0	0	0	0	0	0	0	0	0	0	0	0	0	
718.381433	8	3	3	0	1	2	2	4204	246	25	43101	7	3	89	0	0	0	0	0	0	0	0	0	0	0	0	0	0	
719.389433	8	3	3	0	1	2	2	4204	230	25	43161	7	3	89	0	0	0	0	0	0	0	0	0	0	0	0	0	0	
720.391683	8	3	3	0	1	2	2	4204	216	25	43222	7	3	89	0	0	0	0	0	0	0	0	0	0	0	0	0	0	
721.398233	8	3	3	0	1	2	2	4204	202	25	43282	7	3	89	0	0	0	0	0	0	0	0	0	0	0	0	0	0	
722.387517	8	3	3	0	1	2	2	4205	189	25	43341	7	3	89	0	0	0	0	0	0	0	0	0	0	0	0	0	0	
723.389767	8	3	3	0	1	2	2	4204	178	25	43401	7	3	89	0	0	0	0	0	0	0	0	0	0	0	0	0	0	
724.394883	8	3	3	0	1	2	2	4204	167	25	43462	7	3	89	0	0	0	0	0	0	0	0	0	0	0	0	0	0	
725.401433	8	3	3	0	1	2	2	4204	157	25	43522	7	3	89	0	0	0	0	0	0	0	0	0	0	0	0	0	0	
726.386400	8	3	3	0	1	2	2	4204	146	25	43581	7	3	89	0	0	0	0	0	0	0	0	0	0	0	0	0	0	
727.392967	8	3	3	0	1	2	2	4204	137	25	43642	7	3	89	0	0	0	0	0	0	0	0	0	0	0	0	0	0	
728.398083	8	3	3	0	1	2	2	4204	129	25	43702	7	3	89	0	0	0	0	0	0	0	0	0	0	0	0	0	0	
729.387367	8	3	3	0	1	2	2	4204	122	25	43761	7	3	89	0	0	0	0	0	0	0	0	0	0	0	0	0	0	
730.389600	8	3	3	0	1	2	2	4204	115	25	43821	7	3	89	0	0	0	0	0	0	0	0	0	0	0	0	0	0	
731.396167	8	3	3	0	1	2	2	4204	108	25	43882	7	3	89	0	0	0	0	0	0	0	0	0	0	0	0	0	0	
732.401283	8	3	3	0	1	2	2	4204	100	25	43942	7	3	89	0	0	0	0	0	0	0	0	0	0	0	0	0	0	
733.387683	8	3	3	0	1	2	2	4204	95	25	44001	7	3	89	0	0	0	0	0	0	0	0	0	0	0	0	0	0	
734.392800	8	3	3	0	1	2	2	4204	89	25	44062	7	3	89	0	0	0	0	0	0	0	0	0	0	0	0	0	0	
735.399367	8	3	3	0	1	2	2	4204	85	25	44122	7	3	89	0	0	0	0	0	0	0	0	0	0	0	0	0	0	
736.384317	8	3	3	0	1	2	2	4204	80	25	44181	7	3	89	0	0	0	0	0	0	0	0	0	0	0	0	0	0	
737.390883	8	3	3	0	1	2	2	4204	75	25	44241	7	3	89	0	0	0	0	0	0	0	0	0	0	0	0	0	0	
738.397433	8	3	3	0	1	2	2	4204	71	25	44302	7	3	89	0	0	0	0	0	0	0	0	0	0	0	0	0	0	
739.404000	8	3	3	0	1	2	2	4204	67	25	44362	7	3	89	0	0	0	0	0	0	0	0	0	0	0	0	0	0	
740.388967	8	3	3	0	1	2	2	4204	64	25	44421	7	3	89	0	0	0	0	0	0	0	0	0	0	0	0	0	0	
741.394083	8	3	3	0	1	2	2	4204	61	25	44482	7	3	89	0	0	0	0	0	0	0	0	0	0	0	0	0	0	
742.402083	8	3	3	0	1	2	2	4204	57	25	44542	7	3	89	0	0	0	0	0	0	0	0	0	0	0	0	0	0	
742.965117	8	6	3	0	2	7	1	4187	-159	25	44576	7	4	0	0	0	0	0	0	0	0	0	0	0	0	0	0	0	
743.387033	8	6	3	0	2	7	1	4117	-551	25	44601	7	4	0	0	0	0	0	0	0	0	0	0	0	0	0	0	0	
744.393600	8	6	3	0	2	7	1	4089	-552	25	44662	7	4	1	0	0	0	0	0	0	0	0	0	0	0	0	0	0	
745.398717	8	6	3	0	2	7	1	4074	-550	25	44722	7	4	1	0	0	0	0	0	0	0	0	0	0	0	0	0	0	
746.385117	8	6	3	0	2	7	1	4062	-549	25	44781	7	4	2	0	0	0	0	0	0	0	0	0	0	0	0	0	0	
747.390233	8	6	3	0	2	7	1	4053	-550	25	44841	7	4	3	0	0	0	0	0	0	0	0	0	0	0	0	0	0	
748.396800	8	6	3	0	2	7	1	4043	-550	25	44902	7	4	4	0	0	0	0	0	0	0	0	0	0	0	0	0	0	
749.401917	8	6	3	0	2	7	1	4034	-549	25	44962	7	4	5	0	0	0	0	0	0	0	0	0	0	0	0	0	0	
750.388317	8	6	3	0	2	7	1	4025	-550	25	45021	7	4	6	0	0	0	0	0	0	0	0	0	0	0	0	0	0	
751.393433	8	6	3	0	2	7	1	4017	-548	25	45082	7	4	6	0	0	0	0	0	0	0	0	0	0	0	0	0	0	
752.400000	8	6	3	0	2	7	1	4008	-551	25	45142	7	4	7	0	0	0	0	0	0	0	0	0	0	0	0	0	0	
753.384967	8	6	3	0	2	7	1	4000	-550	25	45201	7	4	8	0	0	0	0	0	0	0	0	0	0	0	0	0	0	
754.391517	8	6	3	0	2	7	1	3992	-549	25	45261	7	4	9	0	0	0	0	0	0	0	0	0	0	0	0	0	0	
755.396633	8	6	3	0	2	7	1	3983	-551	25	45322	7	4	10	0	0	0	0	0	0	0	0	0	0	0	0	0	0	
756.404633	8	6	3	0	2	7	1	3975	-549	25	45382	7	4	11	0	0	0	0	0	0	0	0	0	0	0	0	0	0	
757.389600	8	6	3	0	2	7	1	3968	-551	25	45441	7	4	11	0	0	0	0	0	0	0	0	0	0	0	0	0	0	
758.394717	8	6	3	0	2	7	1	3960	-548	25	45502	7	4	12	0	0	0	0	0	0	0	0	0	0	0	0	0	0	
759.401283	8	6	3	0	2	7	1	3952	-550	25	45562	7	4	13	0	0	0	0	0	0	0	0	0	0	0	0	0	0	
760.386233	8	6	3	0	2	7	1	3944	-551	25	45621	7	4	14	0	0	0	0	0	0	0	0	0	0	0	0	0	0	
761.392800	8	6	3	0	2	7	1	3936	-551	25	45681	7	4	15	0	0	0	0	0	0	0	0	0	0	0	0	0	0	
762.397917	8	6	3	0	2	7	1	3929	-548	25	45742	7	4	15	0	0	0	0	0	0	0	0	0	0	0	0	0	0	
763.405917	8	6	3	0	2	7	1	3921	-548	25	45802	7	4	16	0	0	0	0	0	0	0	0	0	0	0	0	0	0	
764.389433	8	6	3	0	2	7	1	3914	-547	25	45861	7	4	17	0	0	0	0	0	0	0	0	0	0	0	0	0	0	
765.398883	8	6	3	0	2	7	1	3906	-550	25	45922	7	4	18	0	0	0	0	0	0	0	0	0	0	0	0	0	0	
766.388167	8	6	3	0	2	7	1	3899	-550	25	45981	7	4	19	0	0	0	0	0	0	0	0	0	0	0	0	0	0	
767.390400	8	6	3	0	2	7	1	3892	-551	25	46041	7	4	20	0	0	0	0	0	0	0	0	0	0	0	0	0	0	
768.396967	8	6	3	0	2	7	1	3885	-549	25	46102	7	4	20	0	0	0	0	0	0	0	0	0	0	0	0	0	0	
769.402083	8	6	3	0	2	7	1	3877	-549	25	46162	7	4	21	0	0	0	0	0	0	0	0	0	0	0	0	0	0	
770.388483	8	6	3	0	2	7	1	3871	-549	25	46221	7	4	22	0	0	0	0	0	0	0	0	0	0	0	0	0	0	
771.393600	8	6	3	0	2	7	1	3864	-550	25	46281	7	4	23	0	0	0	0	0	0	0	0	0	0	0	0	0	0	
772.400167	8	6	3	0	2	7	1	3857	-549	24	46342	7	4	24	0	0	0	0	0	0	0	0	0	0	0	0	0	0	
773.385117	8	6	3	0	2	7	1	3851	-550	25	46401	7	4	25	0	0	0	0	0	0	0	0	0	0	0	0	0	0	
774.391683	8	6	3	0	2	7	1	3845	-548	24	46461	7	4	25	0	0	0	0	0	0	0	0	0	0	0	0	0	0	
775.396800	8	6	3	0	2	7	1	3838	-551	24	46522	7	4	26	0	0	0	0	0	0	0	0	0	0	0	0	0	0	
776.404800	8	6	3	0	2	7	1	3831	-549	25	46582	7	4	27	0	0	0	0	0	0	0	0	0	0	0	0	0	0	
777.388317	8	6	3	0	2	7	1	3825	-549	24	46641	7	4	28	0	0	0	0	0	0	0	0	0	0	0	0	0	0	
778.394883	8	6	3	0	2	7	1	3819	-549	24	46701	7	4	29	0	0	0	0	0	0	0	0	0	0	0	0	0	0	
779.402883	8	6	3	0	2	7	1	3812	-550	25	46762	7	4	30	0	0	0	0	0	0	0	0	0	0	0	0	0	0	
780.386400	8	6	3	0	2	7	1	3807	-551	24	46821	7	4	30	0	0	0	0	0	0	0	0	0	0	0	0	0	0	
781.391517	8	6	3	0	2	7	1	3801	-551	24	46881	7	4	31	0	0	0	0	0	0	0	0	0	0	0	0	0	0	
782.402400	8	6	3	0	2	7	1	3796	-551	25	46942	7	4	32	0	0	0	0	0	0	0	0	0	0	0	0	0	0	
783.387367	8	6	3	0	2	7	1	3790	-552	24	47001	7	4	33	0	0	0	0	0	0	0	0	0	0	0	0	0	0	
784.392483	8	6	3	0	2	7	1	3784	-551	24	47061	7	4	34	0	0	0	0	0	0	0	0	0	0	0	0	0	0	
785.397600	8	6	3	0	2	7	1	3779	-550	24	47122	7	4	34	0	0	0	0	0	0	0	0	0	0	0	0	0	0	
786.402717	8	6	3	0	2	7	1	3774	-549	24	47182	7	4	35	0	0	0	0	0	0	0	0	0	0	0	0	0	0	
787.390567	8	6	3	0	2	7	1	3769	-550	24	47241	7	4	36	0	0	0	0	0	0	0	0	0	0	0	0	0	0	
788.398567	8	6	3	0	2	7	1	3764	-548	24	47301	7	4	37	0	0	0	0	0	0	0	0	0	0	0	0	0	0	
789.400800	8	6	3	0	2	7	1	3759	-549	24	47362	7	4	38	0	0	0	0	0	0	0	0	0	0	0	0	0	0	
790.387200	8	6	3	0	2	7	1	3755	-547	24	47421	7	4	39	0	0	0	0	0	0	0	0	0	0	0	0	0	0	
791.395200	8	6	3	0	2	7	1	3750	-546	24	47481	7	4	39	0	0	0	0	0	0	0	0	0	0	0	0	0	0	
792.397433	8	6	3	0	2	7	1	3746	-550	24	47542	7	4	40	0	0	0	0	0	0	0	0	0	0	0	0	0	0	
793.404000	8	6	3	0	2	7	1	3742	-549	24	47602	7	4	41	0	0	0	0	0	0	0	0	0	0	0	0	0	0	
794.393283	8	6	3	0	2	7	1	3737	-550	24	47661	7	4	42	0	0	0	0	0	0	0	0	0	0	0	0	0	0	
795.395517	8	6	3	0	2	7	1	3733	-550	24	47721	7	4	43	0	0	0	0	0	0	0	0	0	0	0	0	0	0	
796.400633	8	6	3	0	2	7	1	3729	-549	24	47782	7	4	43	0	0	0	0	0	0	0	0	0	0	0	0	0	0	
797.389917	8	6	3	0	2	7	1	3725	-551	24	47841	7	4	44	0	0	0	0	0	0	0	0	0	0	0	0	0	0	
798.392167	8	6	3	0	2	7	1	3721	-550	24	47901	7	4	45	0	0	0	0	0	0	0	0	0	0	0	0	0	0	
799.398717	8	6	3	0	2	7	1	3717	-549	24	47962	7	4	46	0	0	0	0	0	0	0	0	0	0	0	0	0	0	
800.405283	8	6	3	0	2	7	1	3713	-550	24	48022	7	4	47	0	0	0	0	0	0	0	0	0	0	0	0	0	0	
801.390233	8	6	3	0	2	7	1	3709	-550	24	48081	7	4	48	0	0	0	0	0	0	0	0	0	0	0	0	0	0	
802.396800	8	6	3	0	2	7	1	3706	-549	24	48141	7	4	48	0	0	0	0	0	0	0	0	0	0	0	0	0	0	
803.401917	8	6	3	0	2	7	1	3702	-550	24	48202	7	4	49	0	0	0	0	0	0	0	0	0	0	0	0	0	0	
804.388317	8	6	3	0	2	7	1	3699	-549	24	48261	7	4	50	0	0	0	0	0	0	0	0	0	0	0	0	0	0	
805.393433	8	6	3	0	2	7	1	3696	-549	24	48321	7	4	51	0	0	0	0	0	0	0	0	0	0	0	0	0	0	
806.400000	8	6	3	0	2	7	1	3691	-547	24	48382	7	4	52	0	0	0	0	0	0	0	0	0	0	0	0	0	0	
807.406567	8	6	3	0	2	7	1	3689	-551	24	48442	7	4	52	0	0	0	0	0	0	0	0	0	0	0	0	0	0	
808.391517	8	6	3	0	2	7	1	3686	-550	24	48501	7	4	53	0	0	0	0	0	0	0	0	0	0	0	0	0	0	
809.396633	8	6	3	0	2	7	1	3683	-551	24	48561	7	4	54	0	0	0	0	0	0	0	0	0	0	0	0	0	0	
810.403200	8	6	3	0	2	7	1	3680	-548	24	48622	7	4	55	0	0	0	0	0	0	0	0	0	0	0	0	0	0	
811.388167	8	6	3	0	2	7	1	3677	-549	24	48681	7	4	56	0	0	0	0	0	0	0	0	0	0	0	0	0	0	
812.394717	8	6	3	0	2	7	1	3674	-549	24	48741	7	4	57	0	0	0	0	0	0	0	0	0	0	0	0	0	0	
813.399833	8	6	3	0	2	7	1	3672	-549	24	48802	7	4	57	0	0	0	0	0	0	0	0	0	0	0	0	0	0	
814.407833	8	6	3	0	2	7	1	3669	-549	24	48862	7	4	58	0	0	0	0	0	0	0	0	0	0	0	0	0	0	
815.391367	8	6	3	0	2	7	1	3666	-550	24	48921	7	4	59	0	0	0	0	0	0	0	0	0	0	0	0	0	0	
816.397917	8	6	3	0	2	7	1	3663	-552	24	48981	7	4	60	0	0	0	0	0	0	0	0	0	0	0	0	0	0	
817.405917	8	6	3	0	2	7	1	3660	-549	24	49042	7	4	61	0	0	0	0	0	0	0	0	0	0	0	0	0	0	
818.389433	8	6	3	0	2	7	1	3658	-550	24	49101	7	4	61	0	0	0	0	0	0	0	0	0	0	0	0	0	0	
819.394567	8	6	3	0	2	7	1	3655	-549	24	49161	7	4	62	0	0	0	0	0	0	0	0	0	0	0	0	0	0	
820.402567	8	6	3	0	2	7	1	3653	-550	24	49222	7	4	63	0	0	0	0	0	0	0	0	0	0	0	0	0	0	
821.404800	8	6	3	0	2	7	1	3650	-549	24	49282	7	4	64	0	0	0	0	0	0	0	0	0	0	0	0	0	0	
822.392633	8	6	3	0	2	7	1	3647	-550	24	49341	7	4	65	0	0	0	0	0	0	0	0	0	0	0	0	0	0	
823.399200	8	6	3	0	2	7	1	3644	-549	24	49401	7	4	66	0	0	0	0	0	0	0	0	0	0	0	0	0	0	
824.402883	8	6	3	0	2	7	1	3641	-550	24	49462	7	4	66	0	0	0	0	0	0	0	0	0	0	0	0	0	0	
825.390717	8	6	3	0	2	7	1	3638	-549	24	49521	7	4	67	0	0	0	0	0	0	0	0	0	0	0	0	0	0	
826.397283	8	6	3	0	2	7	1	3634	-549	24	49581	7	4	68	0	0	0	0	0	0	0	0	0	0	0	0	0	0	
827.399517	8	6	3	0	2	7	1	3632	-550	24	49642	7	4	69	0	0	0	0	0	0	0	0	0	0	0	0	0	0	
828.406083	8	6	3	0	2	7	1	3628	-550	24	49702	7	4	70	0	0	0	0	0	0	0	0	0	0	0	0	0	0	
829.393917	8	6	3	0	2	7	1	3624	-550	24	49761	7	4	71	0	0	0	0	0	0	0	0	0	0	0	0	0	0	
830.400483	8	6	3	0	2	7	1	3621	-550	24	49821	7	4	71	0	0	0	0	0	0	0	0	0	0	0	0	0	0	
831.404167	8	6	3	0	2	7	1	3616	-551	24	49882	7	4	72	0	0	0	0	0	0	0	0	0	0	0	0	0	0	
832.390567	8	6	3	0	2	7	1	3612	-549	24	49941	7	4	73	0	0	0	0	0	0	0	0	0	0	0	0	0	0	
833.398567	8	6	3	0	2	7	1	3607	-548	24	50001	7	4	74	0	0	0	0	0	0	0	0	0	0	0	0	0	0	
834.400800	8	6	3	0	2	7	1	3602	-550	24	50062	7	4	75	0	0	0	0	0	0	0	0	0	0	0	0	0	0	
835.407367	8	6	3	0	2	7	1	3597	-550	24	50122	7	4	76	0	0	0	0	0	0	0	0	0	0	0	0	0	0	
836.393767	8	6	3	0	2	7	1	3592	-550	24	50181	7	4	76	0	0	0	0	0	0	0	0	0	0	0	0	0	0	
837.398883	8	6	3	0	2	7	1	3586	-549	24	50241	7	4	77	0	0	0	0	0	0	0	0	0	0	0	0	0	0	
838.404000	8	6	3	0	2	7	1	3580	-550	24	50302	7	4	78	0	0	0	0	0	0	0	0	0	0	0	0	0	0	
839.393283	8	6	3	0	2	7	1	3574	-550	24	50361	7	4	79	0	0	0	0	0	0	0	0	0	0	0	0	0	0	
840.395517	8	6	3	0	2	7	1	3566	-550	24	50421	7	4	80	0	0	0	0	0	0	0	0	0	0	0	0	0	0	
841.402083	8	6	3	0	2	7	1	3557	-550	24	50482	7	4	80	0	0	0	0	0	0	0	0	0	0	0	0	0	0	
842.407200	8	6	3	0	2	7	1	3546	-549	24	50542	7	4	81	0	0	0	0	0	0	0	0	0	0	0	0	0	0	
843.396483	8	6	3	0	2	7	1	3533	-550	24	50601	7	4	82	0	0	0	0	0	0	0	0	0	0	0	0	0	0	
844.398717	8	6	3	0	2	7	1	3515	-551	24	50661	7	4	83	0	0	0	0	0	0	0	0	0	0	0	0	0	0	
845.405283	8	6	3	0	2	7	1	3490	-548	24	50722	7	4	84	0	0	0	0	0	0	0	0	0	0	0	0	0	0	
846.394567	8	6	3	0	2	7	1	3456	-550	24	50781	7	4	85	0	0	0	0	0	0	0	0	0	0	0	0	0	0	
847.396800	8	6	3	0	2	7	1	3406	-550	24	50841	7	4	85	0	0	0	0	0	0	0	0	0	0	0	0	0	0	
848.401917	8	6	3	0	2	7	1	3335	-547	24	50902	7	4	86	0	0	0	0	0	0	0	0	0	0	0	0	0	0	
849.408483	8	6	3	0	2	7	1	3229	-550	24	50962	7	4	87	0	0	0	0	0	0	0	0	0	0	0	0	0	0	
850.393433	8	6	3	0	2	7	1	3054	-550	24	51021	7	4	88	0	0	0	0	0	0	0	0	0	0	0	0	0	0	
851.299200	8	15	3	0	1	31	2	2829	55	24	51075	8	4	89	0	0	0	0	0	0	0	0	0	0	0	0	0	0	
851.320800	8	4	3	0	1	3	2	2894	55	24	51077	8	4	89	0	0	0	0	0	0	0	0	0	0	0	0	0	0	
851.402883	8	4	3	0	1	3	2	3013	84	24	51082	9	4	89	0	0	0	0	0	0	0	0	0	0	0	0	0	0	
851.423033	8	3	3	0	1	2	2	3150	552	24	51083	9	4	89	0	0	0	0	0	0	0	0	0	0	0	0	0	0	
852.392167	8	3	3	0	1	2	2	3532	550	24	51141	9	4	89	0	0	0	0	0	0	0	0	0	0	0	0	0	0	
853.400167	8	3	3	0	1	2	2	3639	549	24	51201	9	4	89	0	0	0	0	0	0	0	0	0	0	0	0	0	0	
854.402400	8	3	3	0	1	2	2	3699	550	24	51262	9	4	89	0	0	0	0	0	0	0	0	0	0	0	0	0	0	
855.407517	8	3	3	0	1	2	2	3740	551	24	51322	9	4	89	0	0	0	0	0	0	0	0	0	0	0	0	0	0	
856.395367	8	3	3	0	1	2	2	3761	550	24	51381	9	4	89	0	0	0	0	0	0	0	0	0	0	0	0	0	0	
857.400483	8	3	3	0	1	2	2	3777	549	24	51441	9	4	89	0	0	0	0	0	0	0	0	0	0	0	0	0	0	
858.405600	8	3	3	0	1	2	2	3785	549	24	51502	9	4	89	0	0	0	0	0	0	0	0	0	0	0	0	0	0	
859.393433	8	3	3	0	1	2	2	3791	549	24	51561	9	4	89	0	0	0	0	0	0	0	0	0	0	0	0	0	0	
860.397117	8	3	3	0	1	2	2	3799	550	24	51621	9	4	89	0	0	0	0	0	0	0	0	0	0	0	0	0	0	
861.403683	8	3	3	0	1	2	2	3805	550	24	51682	9	4	89	0	0	0	0	0	0	0	0	0	0	0	0	0	0	
862.408800	8	3	3	0	1	2	2	3811	550	24	51742	9	4	89	0	0	0	0	0	0	0	0	0	0	0	0	0	0	
863.398083	8	3	3	0	1	2	2	3817	550	24	51801	9	4	89	0	0	0	0	0	0	0	0	0	0	0	0	0	0	
864.400317	8	3	3	0	1	2	2	3823	549	24	51861	9	4	89	0	0	0	0	0	0	0	0	0	0	0	0	0	0	
865.406883	8	3	3	0	1	2	2	3829	550	24	51922	9	4	89	0	0	0	0	0	0	0	0	0	0	0	0	0	0	
866.396167	8	3	3	0	1	2	2	3836	549	24	51981	9	4	89	0	0	0	0	0	0	0	0	0	0	0	0	0	0	
867.398400	8	3	3	0	1	2	2	3842	550	24	52041	9	4	89	0	0	0	0	0	0	0	0	0	0	0	0	0	0	
868.403517	8	3	3	0	1	2	2	3849	549	24	52102	9	4	89	0	0	0	0	0	0	0	0	0	0	0	0	0	0	
869.410083	8	3	3	0	1	2	2	3855	550	24	52162	9	4	89	0	0	0	0	0	0	0	0	0	0	0	0	0	0	
870.395033	8	3	3	0	1	2	2	3861	550	24	52221	9	4	89	0	0	0	0	0	0	0	0	0	0	0	0	0	0	
871.401600	8	3	3	0	1	2	2	3866	550	24	52281	9	4	89	0	0	0	0	0	0	0	0	0	0	0	0	0	0	
872.406717	8	3	3	0	1	2	2	3871	549	24	52342	9	4	89	0	0	0	0	0	0	0	0	0	0	0	0	0	0	
873.393117	8	3	3	0	1	2	2	3876	549	24	52401	9	4	89	0	0	0	0	0	0	0	0	0	0	0	0	0	0	
874.398233	8	3	3	0	1	2	2	3880	549	24	52461	9	4	89	0	0	0	0	0	0	0	0	0	0	0	0	0	0	
875.404800	8	3	3	0	1	2	2	3884	550	24	52522	9	4	89	0	0	0	0	0	0	0	0	0	0	0	0	0	0	
876.409917	8	3	3	0	1	2	2	3888	549	24	52582	9	4	89	0	0	0	0	0	0	0	0	0	0	0	0	0	0	
877.396317	8	3	3	0	1	2	2	3890	549	24	52641	9	4	89	0	0	0	0	0	0	0	0	0	0	0	0	0	0	
878.402883	8	3	3	0	1	2	2	3893	549	24	52701	9	4	89	0	0	0	0	0	0	0	0	0	0	0	0	0	0	
879.408000	8	3	3	0	1	2	2	3896	549	24	52762	9	4	89	0	0	0	0	0	0	0	0	0	0	0	0	0	0	
880.394400	8	3	3	0	1	2	2	3899	550	24	52821	9	4	89	0	0	0	0	0	0	0	0	0	0	0	0	0	0	
881.399517	8	3	3	0	1	2	2	3757	550	24	52881	9	4	89	0	0	0	0	0	0	0	0	0	0	0	0	0	0	
882.406083	8	3	3	0	1	2	2	3757	550	24	52942	9	4	89	0	0	0	0	0	0	0	0	0	0	0	0	0	0	
883.412633	8	3	3	0	1	2	2	3906	549	24	53002	9	4	89	0	0	0	0	0	0	0	0	0	0	0	0	0	0	
884.397600	8	3	3	0	1	2	2	3755	549	24	53061	9	4	89	0	0	0	0	0	0	0	0	0	0	0	0	0	0	
885.402717	8	3	3	0	1	2	2	3775	549	24	53121	9	4	89	0	0	0	0	0	0	0	0	0	0	0	0	0	0	
886.410717	8	3	3	0	1	2	2	3883	550	24	53182	9	4	89	0	0	0	0	0	0	0	0	0	0	0	0	0	0	
887.394233	8	3	3	0	1	2	2	3911	548	24	53241	9	4	89	0	0	0	0	0	0	0	0	0	0	0	0	0	0	
888.400800	8	3	3	0	1	2	2	3916	549	24	53301	9	4	89	0	0	0	0	0	0	0	0	0	0	0	0	0	0	
889.407367	8	3	3	0	1	2	2	3919	550	24	53362	9	4	89	0	0	0	0	0	0	0	0	0	0	0	0	0	0	
890.411033	8	3	3	0	1	2	2	3920	550	24	53422	9	4	89	0	0	0	0	0	0	0	0	0	0	0	0	0	0	
891.397433	8	3	3	0	1	2	2	3921	550	24	53481	9	4	89	0	0	0	0	0	0	0	0	0	0	0	0	0	0	
892.404000	8	3	3	0	1	2	2	3924	550	24	53541	9	4	89	0	0	0	0	0	0	0	0	0	0	0	0	0	0	
893.412000	8	3	3	0	1	2	2	3933	550	24	53602	9	4	89	0	0	0	0	0	0	0	0	0	0	0	0	0	0	
894.395517	8	3	3	0	1	2	2	3937	549	24	53661	9	4	89	0	0	0	0	0	0	0	0	0	0	0	0	0	0	
895.400633	8	3	3	0	1	2	2	3926	549	24	53721	9	4	89	0	0	0	0	0	0	0	0	0	0	0	0	0	0	
896.405767	8	3	3	0	1	2	2	3911	550	24	53782	9	4	89	0	0	0	0	0	0	0	0	0	0	0	0	0	0	
897.410883	8	3	3	0	1	2	2	3879	550	24	53842	9	4	89	0	0	0	0	0	0	0	0	0	0	0	0	0	0	
898.398717	8	3	3	0	1	2	2	3888	549	24	53901	9	4	89	0	0	0	0	0	0	0	0	0	0	0	0	0	0	
899.406717	8	3	3	0	1	2	2	3893	550	24	53961	9	4	89	0	0	0	0	0	0	0	0	0	0	0	0	0	0	
900.408967	8	3	3	0	1	2	2	3918	549	24	54022	9	4	89	0	0	0	0	0	0	0	0	0	0	0	0	0	0	
901.396800	8	3	3	0	1	2	2	3889	549	24	54081	9	4	89	0	0	0	0	0	0	0	0	0	0	0	0	0	0	
902.403367	8	3	3	0	1	2	2	3902	550	24	54141	9	4	89	0	0	0	0	0	0	0	0	0	0	0	0	0	0	
903.405600	8	3	3	0	1	2	2	3913	549	24	54202	9	4	89	0	0	0	0	0	0	0	0	0	0	0	0	0	0	
904.412167	8	3	3	0	1	2	2	3919	549	24	54262	9	4	89	0	0	0	0	0	0	0	0	0	0	0	0	0	0	
905.400000	8	3	3	0	1	2	2	3910	549	24	54321	9	4	89	0	0	0	0	0	0	0	0	0	0	0	0	0	0	
906.403683	8	3	3	0	1	2	2	3899	550	24	54381	9	4	89	0	0	0	0	0	0	0	0	0	0	0	0	0	0	
907.410233	8	3	3	0	1	2	2	3899	550	24	54442	9	4	89	0	0	0	0	0	0	0	0	0	0	0	0	0	0	
908.398083	8	3	3	0	1	2	2	3910	551	24	54501	9	4	89	0	0	0	0	0	0	0	0	0	0	0	0	0	0	
909.403200	8	3	3	0	1	2	2	3913	549	24	54561	9	4	89	0	0	0	0	0	0	0	0	0	0	0	0	0	0	
910.408317	8	3	3	0	1	2	2	3914	549	24	54622	9	4	89	0	0	0	0	0	0	0	0	0	0	0	0	0	0	
911.414883	8	3	3	0	1	2	2	3918	550	24	54682	9	4	89	0	0	0	0	0	0	0	0	0	0	0	0	0	0	
912.399833	8	3	3	0	1	2	2	3925	550	24	54741	9	4	89	0	0	0	0	0	0	0	0	0	0	0	0	0	0	
913.406400	8	3	3	0	1	2	2	3928	550	24	54802	9	4	89	0	0	0	0	0	0	0	0	0	0	0	0	0	0	
914.411517	8	3	3	0	1	2	2	3931	549	24	54862	9	4	89	0	0	0	0	0	0	0	0	0	0	0	0	0	0	
915.397917	8	3	3	0	1	2	2	3957	550	24	54921	9	4	89	0	0	0	0	0	0	0	0	0	0	0	0	0	0	
916.403033	8	3	3	0	1	2	2	3945	550	24	54981	9	4	89	0	0	0	0	0	0	0	0	0	0	0	0	0	0	
917.409600	8	3	3	0	1	2	2	3975	549	24	55042	9	4	89	0	0	0	0	0	0	0	0	0	0	0	0	0	0	
918.417600	8	3	3	0	1	2	2	3974	550	24	55102	9	4	89	0	0	0	0	0	0	0	0	0	0	0	0	0	0	
919.401117	8	3	3	0	1	2	2	3975	550	24	55161	9	4	89	0	0	0	0	0	0	0	0	0	0	0	0	0	0	
920.406233	8	3	3	0	1	2	2	3978	550	24	55222	9	4	89	0	0	0	0	0	0	0	0	0	0	0	0	0	0	
921.412800	8	3	3	0	1	2	2	4000	550	24	55282	9	4	89	0	0	0	0	0	0	0	0	0	0	0	0	0	0	
922.399200	8	3	3	0	1	2	2	4005	549	24	55341	9	4	89	0	0	0	0	0	0	0	0	0	0	0	0	0	0	
923.404317	8	3	3	0	1	2	2	4019	549	24	55401	9	4	89	0	0	0	0	0	0	0	0	0	0	0	0	0	0	
924.410883	8	3	3	0	1	2	2	4026	549	24	55462	9	4	89	0	0	0	0	0	0	0	0	0	0	0	0	0	0	
925.417433	8	3	3	0	1	2	2	4032	549	24	55522	9	4	89	0	0	0	0	0	0	0	0	0	0	0	0	0	0	
926.402400	8	3	3	0	1	2	2	4053	549	24	55581	9	4	89	0	0	0	0	0	0	0	0	0	0	0	0	0	0	
927.407517	8	3	3	0	1	2	2	4066	549	24	55642	9	4	89	0	0	0	0	0	0	0	0	0	0	0	0	0	0	
928.416967	8	3	3	0	1	2	2	4074	549	24	55702	9	4	89	0	0	0	0	0	0	0	0	0	0	0	0	0	0	
929.400483	8	3	3	0	1	2	2	4081	550	24	55761	9	4	89	0	0	0	0	0	0	0	0	0	0	0	0	0	0	
930.407033	8	3	3	0	1	2	2	4073	550	24	55821	9	4	89	0	0	0	0	0	0	0	0	0	0	0	0	0	0	
931.415033	8	3	3	0	1	2	2	4059	550	24	55882	9	4	89	0	0	0	0	0	0	0	0	0	0	0	0	0	0	
932.398567	8	3	3	0	1	2	2	4083	550	24	55941	9	4	89	0	0	0	0	0	0	0	0	0	0	0	0	0	0	
933.403683	8	3	3	0	1	2	2	4100	549	24	56001	9	4	89	0	0	0	0	0	0	0	0	0	0	0	0	0	0	
934.411683	8	3	3	0	1	2	2	4122	544	24	56062	9	4	89	0	0	0	0	0	0	0	0	0	0	0	0	0	0	
935.413917	8	3	3	0	1	2	2	4128	543	24	56122	9	4	89	0	0	0	0	0	0	0	0	0	0	0	0	0	0	
936.401767	8	3	3	0	1	2	2	4135	543	24	56181	9	4	89	0	0	0	0	0	0	0	0	0	0	0	0	0	0	
937.409767	8	3	3	0	1	2	2	4142	541	24	56241	9	4	89	0	0	0	0	0	0	0	0	0	0	0	0	0	0	
938.412000	8	3	3	0	1	2	2	4149	539	24	56302	9	4	89	0	0	0	0	0	0	0	0	0	0	0	0	0	0	
939.399833	8	3	3	0	1	2	2	4156	537	24	56361	9	4	89	0	0	0	0	0	0	0	0	0	0	0	0	0	0	
940.406400	8	3	3	0	1	2	2	4163	537	24	56421	9	4	89	0	0	0	0	0	0	0	0	0	0	0	0	0	0	
941.408633	8	3	3	0	1	2	2	4170	535	24	56482	9	4	89	0	0	0	0	0	0	0	0	0	0	0	0	0	0	
942.415200	8	3	3	0	1	2	2	4177	533	24	56542	9	4	89	0	0	0	0	0	0	0	0	0	0	0	0	0	0	
943.403033	8	3	3	0	1	2	2	4184	535	24	56601	9	4	89	0	0	0	0	0	0	0	0	0	0	0	0	0	0	
944.409600	8	3	3	0	1	2	2	4191	534	24	56661	9	4	89	0	0	0	0	0	0	0	0	0	0	0	0	0	0	
945.413283	8	3	3	0	1	2	2	4199	533	24	56722	9	4	89	0	0	0	0	0	0	0	0	0	0	0	0	0	0	
946.399683	8	3	3	0	1	2	2	4204	514	24	56781	9	4	89	0	0	0	0	0	0	0	0	0	0	0	0	0	0	
947.404800	8	3	3	0	1	2	2	4204	473	24	56841	9	4	89	0	0	0	0	0	0	0	0	0	0	0	0	0	0	
948.409917	8	3	3	0	1	2	2	4204	439	24	56902	9	4	89	0	0	0	0	0	0	0	0	0	0	0	0	0	0	
949.416483	8	3	3	0	1	2	2	4204	412	24	56962	9	4	89	0	0	0	0	0	0	0	0	0	0	0	0	0	0	
950.405767	8	3	3	0	1	2	2	4204	386	24	57021	9	4	89	0	0	0	0	0	0	0	0	0	0	0	0	0	0	
951.408000	8	3	3	0	1	2	2	4204	360	24	57081	9	4	89	0	0	0	0	0	0	0	0	0	0	0	0	0	0	
952.413117	8	3	3	0	1	2	2	4204	337	24	57142	9	4	89	0	0	0	0	0	0	0	0	0	0	0	0	0	0	
953.402400	8	3	3	0	1	2	2	4204	491	24	57201	9	4	89	0	0	0	0	0	0	0	0	0	0	0	0	0	0	
954.404633	8	3	3	0	1	2	2	4204	283	24	57261	9	4	89	0	0	0	0	0	0	0	0	0	0	0	0	0	0	
955.411200	8	3	3	0	1	2	2	4204	273	24	57322	9	4	89	0	0	0	0	0	0	0	0	0	0	0	0	0	0	
956.416317	8	3	3	0	1	2	2	4204	256	24	57382	9	4	89	0	0	0	0	0	0	0	0	0	0	0	0	0	0	
957.402717	8	3	3	0	1	2	2	4204	239	24	57441	9	4	89	0	0	0	0	0	0	0	0	0	0	0	0	0	0	
958.407833	8	3	3	0	1	2	2	4204	225	24	57501	9	4	89	0	0	0	0	0	0	0	0	0	0	0	0	0	0	
959.414400	8	3	3	0	1	2	2	4204	212	24	57562	9	4	89	0	0	0	0	0	0	0	0	0	0	0	0	0	0	
960.399367	8	3	3	0	1	2	2	4204	193	24	57621	9	4	89	0	0	0	0	0	0	0	0	0	0	0	0	0	0	
961.405917	8	3	3	0	1	2	2	4188	373	24	57681	9	4	89	0	0	0	0	0	0	0	0	0	0	0	0	0	0	
961.502400	8	10	2	0	0	17	0	4152	0	24	57687	9	4	89	0	0	0	0	0	0	0	0	0	0	0	0	0	0	
961.526883	8	10	2	0	0	17	0	3960	0	24	57687	9	4	89	0	0	0	0	0	0	0	0	0	0	0	0	0	0	
