Time	Status code	Status category	Status color	Pgm code	Pgm step	Pgm para	Pgm cycle	mV	mA	Temperature	Duration	Charge count	Discharge count	Capacity	Analog input 1	Analog input 2	Analog input 3	Analog input 4	Digital input 1	Digital input 2	Digital input 3	Digital input 4	Digital output 1	Digital output 2	Digital output 3	Digital output 4	Analog output 1	Analog output 2	
0.000000	8	3	3	0	1	2	2	3882	281	25	2	1	0	0	0	0	0	0	0	0	0	0	0	0	0	0	0	0	
0.809283	8	3	3	0	1	2	2	4012	549	25	50	1	0	0	0	0	0	0	0	0	0	0	0	0	0	0	0	0	
1.804317	8	3	3	0	1	2	2	4023	550	25	110	1	0	0	0	0	0	0	0	0	0	0	0	0	0	0	0	0	
2.803683	8	3	3	0	1	2	2	4029	550	25	170	1	0	0	0	0	0	0	0	0	0	0	0	0	0	0	0	0	
3.816000	8	3	3	0	1	2	2	4033	550	25	231	1	0	0	0	0	0	0	0	0	0	0	0	0	0	0	0	0	
4.812483	8	3	3	0	1	2	2	4036	550	25	291	1	0	0	0	0	0	0	0	0	0	0	0	0	0	0	0	0	
5.807517	8	3	3	0	1	2	2	4039	550	25	350	1	0	0	0	0	0	0	0	0	0	0	0	0	0	0	0	0	
6.804000	8	3	3	0	1	2	2	4042	549	25	410	1	0	0	0	0	0	0	0	0	0	0	0	0	0	0	0	0	
7.817767	8	3	3	0	1	2	2	4045	550	25	471	1	0	0	0	0	0	0	0	0	0	0	0	0	0	0	0	0	
8.820000	8	3	3	0	1	2	2	4048	550	25	531	1	0	0	0	0	0	0	0	0	0	0	0	0	0	0	0	0	
9.816483	8	3	3	0	1	2	2	4050	549	25	591	1	0	0	0	0	0	0	0	0	0	0	0	0	0	0	0	0	
10.815833	8	3	3	0	1	2	2	4054	550	25	651	1	0	0	0	0	0	0	0	0	0	0	0	0	0	0	0	0	
11.808000	8	3	3	0	1	2	2	4057	550	25	710	1	0	0	0	0	0	0	0	0	0	0	0	0	0	0	0	0	
12.811683	8	3	3	0	1	2	2	4060	549	25	771	1	0	0	0	0	0	0	0	0	0	0	0	0	0	0	0	0	
13.818233	8	3	3	0	1	2	2	4062	548	25	831	1	0	0	0	0	0	0	0	0	0	0	0	0	0	0	0	0	
14.807517	8	3	3	0	1	2	2	4066	550	25	890	1	0	0	0	0	0	0	0	0	0	0	0	0	0	0	0	0	
15.809767	8	3	3	0	1	2	2	4069	550	25	950	1	0	0	0	0	0	0	0	0	0	0	0	0	0	0	0	0	
16.814883	8	3	3	0	1	2	2	4073	549	25	1011	1	0	0	0	0	0	0	0	0	0	0	0	0	0	0	0	0	
17.804167	8	3	3	0	1	2	2	4076	549	25	1070	1	0	0	0	0	0	0	0	0	0	0	0	0	0	0	0	0	
18.806400	8	3	3	0	1	2	2	4080	549	25	1130	1	0	0	0	0	0	0	0	0	0	0	0	0	0	0	0	0	
19.812967	8	3	3	0	1	2	2	4084	549	25	1191	1	0	0	0	0	0	0	0	0	0	0	0	0	0	0	0	0	
20.818083	8	3	3	0	1	2	2	4088	549	25	1251	1	0	0	0	0	0	0	0	0	0	0	0	0	0	0	0	0	
21.804483	8	3	3	0	1	2	2	4092	550	25	1310	1	0	0	0	0	0	0	0	0	0	0	0	0	0	0	0	0	
22.811033	8	3	3	0	1	2	2	4096	549	25	1370	1	0	0	0	0	0	0	0	0	0	0	0	0	0	0	0	0	
23.816167	8	3	3	0	1	2	2	4100	551	25	1431	1	0	0	0	0	0	0	0	0	0	0	0	0	0	0	0	0	
24.824167	8	3	3	0	1	2	2	4105	550	25	1491	1	0	0	0	0	0	0	0	0	0	0	0	0	0	0	0	0	
25.807683	8	3	3	0	1	2	2	4109	550	25	1550	1	0	0	0	0	0	0	0	0	0	0	0	0	0	0	0	0	
26.814233	8	3	3	0	1	2	2	4113	550	25	1611	1	0	0	0	0	0	0	0	0	0	0	0	0	0	0	0	0	
27.820800	8	3	3	0	1	2	2	4116	545	25	1671	1	0	0	0	0	0	0	0	0	0	0	0	0	0	0	0	0	
28.805767	8	3	3	0	1	2	2	4119	541	25	1730	1	0	0	0	0	0	0	0	0	0	0	0	0	0	0	0	0	
29.810883	8	3	3	0	1	2	2	4124	542	25	1790	1	0	0	0	0	0	0	0	0	0	0	0	0	0	0	0	0	
30.818883	8	3	3	0	1	2	2	4128	540	25	1851	1	0	0	0	0	0	0	0	0	0	0	0	0	0	0	0	0	
31.821117	8	3	3	0	1	2	2	4132	541	25	1911	1	0	0	0	0	0	0	0	0	0	0	0	0	0	0	0	0	
32.808967	8	3	3	0	1	2	2	4136	540	25	1970	1	0	0	0	0	0	0	0	0	0	0	0	0	0	0	0	0	
33.815517	8	3	3	0	1	2	2	4141	539	25	2031	1	0	0	0	0	0	0	0	0	0	0	0	0	0	0	0	0	
34.819200	8	3	3	0	1	2	2	4145	539	25	2091	1	0	0	0	0	0	0	0	0	0	0	0	0	0	0	0	0	
35.805600	8	3	3	0	1	2	2	4150	539	25	2150	1	0	0	0	0	0	0	0	0	0	0	0	0	0	0	0	0	
36.813600	8	3	3	0	1	2	2	4154	538	25	2210	1	0	0	0	0	0	0	0	0	0	0	0	0	0	0	0	0	
37.815833	8	3	3	0	1	2	2	4159	538	25	2271	1	0	0	0	0	0	0	0	0	0	0	0	0	0	0	0	0	
38.822400	8	3	3	0	1	2	2	4163	538	25	2331	1	0	0	0	0	0	0	0	0	0	0	0	0	0	0	0	0	
39.810233	8	3	3	0	1	2	2	4168	536	25	2390	1	0	0	0	0	0	0	0	0	0	0	0	0	0	0	0	0	
40.813917	8	3	3	0	1	2	2	4172	536	25	2451	1	0	0	0	0	0	0	0	0	0	0	0	0	0	0	0	0	
41.819033	8	3	3	0	1	2	2	4177	536	25	2511	1	0	0	0	0	0	0	0	0	0	0	0	0	0	0	0	0	
42.808317	8	3	3	0	1	2	2	4182	536	25	2570	1	0	0	0	0	0	0	0	0	0	0	0	0	0	0	0	0	
43.810567	8	3	3	0	1	2	2	4187	536	25	2630	1	0	0	0	0	0	0	0	0	0	0	0	0	0	0	0	0	
44.817117	8	3	3	0	1	2	2	4192	536	25	2691	1	0	0	0	0	0	0	0	0	0	0	0	0	0	0	0	0	
45.822233	8	3	3	0	1	2	2	4196	534	25	2751	1	0	0	0	0	0	0	0	0	0	0	0	0	0	0	0	0	
46.808633	8	3	3	0	1	2	2	4202	534	25	2810	1	0	0	0	0	0	0	0	0	0	0	0	0	0	0	0	0	
47.813767	8	3	3	0	1	2	2	4204	527	25	2871	1	0	0	0	0	0	0	0	0	0	0	0	0	0	0	0	0	
48.820317	8	3	3	0	1	2	2	4204	514	25	2931	1	0	0	0	0	0	0	0	0	0	0	0	0	0	0	0	0	
49.806717	8	3	3	0	1	2	2	4204	501	25	2990	1	0	0	0	0	0	0	0	0	0	0	0	0	0	0	0	0	
50.811833	8	3	3	0	1	2	2	4204	491	25	3050	1	0	0	0	0	0	0	0	0	0	0	0	0	0	0	0	0	
51.818400	8	3	3	0	1	2	2	4204	478	25	3111	1	0	0	0	0	0	0	0	0	0	0	0	0	0	0	0	0	
52.824967	8	3	3	0	1	2	2	4204	466	25	3171	1	0	0	0	0	0	0	0	0	0	0	0	0	0	0	0	0	
53.809917	8	3	3	0	1	2	2	4204	457	25	3230	1	0	0	0	0	0	0	0	0	0	0	0	0	0	0	0	0	
54.815033	8	3	3	0	1	2	2	4204	445	25	3291	1	0	0	0	0	0	0	0	0	0	0	0	0	0	0	0	0	
55.823033	8	3	3	0	1	2	2	4204	433	25	3351	1	0	0	0	0	0	0	0	0	0	0	0	0	0	0	0	0	
56.806567	8	3	3	0	1	2	2	4204	423	25	3410	1	0	0	0	0	0	0	0	0	0	0	0	0	0	0	0	0	
57.813117	8	3	3	0	1	2	2	4204	414	25	3470	1	0	0	0	0	0	0	0	0	0	0	0	0	0	0	0	0	
58.819683	8	3	3	0	1	2	2	4204	402	25	3531	1	0	0	0	0	0	0	0	0	0	0	0	0	0	0	0	0	
59.823367	8	3	3	0	1	2	2	4204	393	25	3591	1	0	0	0	0	0	0	0	0	0	0	0	0	0	0	0	0	
60.809767	8	3	3	0	1	2	2	4204	382	25	3650	1	0	0	0	0	0	0	0	0	0	0	0	0	0	0	0	0	
61.817767	8	3	3	0	1	2	2	4204	374	25	3711	1	0	0	0	0	0	0	0	0	0	0	0	0	0	0	0	0	
62.820000	8	3	3	0	1	2	2	4204	363	25	3771	1	0	0	0	0	0	0	0	0	0	0	0	0	0	0	0	0	
63.807833	8	3	3	0	1	2	2	4204	354	25	3830	1	0	0	0	0	0	0	0	0	0	0	0	0	0	0	0	0	
64.812967	8	3	3	0	1	2	2	4204	344	25	3890	1	0	0	0	0	0	0	0	0	0	0	0	0	0	0	0	0	
65.818083	8	3	3	0	1	2	2	4204	335	25	3951	1	0	0	0	0	0	0	0	0	0	0	0	0	0	0	0	0	
66.823200	8	3	3	0	1	2	2	4204	326	25	4011	1	0	0	0	0	0	0	0	0	0	0	0	0	0	0	0	0	
67.812483	8	3	3	0	1	2	2	4204	318	25	4070	1	0	0	0	0	0	0	0	0	0	0	0	0	0	0	0	0	
68.814717	8	3	3	0	1	2	2	4204	310	25	4131	1	0	0	0	0	0	0	0	0	0	0	0	0	0	0	0	0	
69.821283	8	3	3	0	1	2	2	4204	301	25	4191	1	0	0	0	0	0	0	0	0	0	0	0	0	0	0	0	0	
70.807683	8	3	3	0	1	2	2	4204	293	25	4250	1	0	0	0	0	0	0	0	0	0	0	0	0	0	0	0	0	
71.815683	8	3	3	0	1	2	2	4204	285	25	4310	1	0	0	0	0	0	0	0	0	0	0	0	0	0	0	0	0	
72.817917	8	3	3	0	1	2	2	4204	277	25	4371	1	0	0	0	0	0	0	0	0	0	0	0	0	0	0	0	0	
73.824483	8	3	3	0	1	2	2	4204	269	25	4431	1	0	0	0	0	0	0	0	0	0	0	0	0	0	0	0	0	
74.809433	8	3	3	0	1	2	2	4204	262	25	4490	1	0	0	0	0	0	0	0	0	0	0	0	0	0	0	0	0	
75.816000	8	3	3	0	1	2	2	4204	255	25	4550	1	0	0	0	0	0	0	0	0	0	0	0	0	0	0	0	0	
76.821117	8	3	3	0	1	2	2	4204	249	25	4611	1	0	0	0	0	0	0	0	0	0	0	0	0	0	0	0	0	
77.810400	8	3	3	0	1	2	2	4204	243	25	4670	1	0	0	0	0	0	0	0	0	0	0	0	0	0	0	0	0	
78.812633	8	3	3	0	1	2	2	4204	236	25	4730	1	0	0	0	0	0	0	0	0	0	0	0	0	0	0	0	0	
79.819200	8	3	3	0	1	2	2	4204	229	25	4791	1	0	0	0	0	0	0	0	0	0	0	0	0	0	0	0	0	
80.824317	8	3	3	0	1	2	2	4204	223	25	4851	1	0	0	0	0	0	0	0	0	0	0	0	0	0	0	0	0	
81.810717	8	3	3	0	1	2	2	4204	217	25	4910	1	0	0	0	0	0	0	0	0	0	0	0	0	0	0	0	0	
82.817283	8	3	3	0	1	2	2	4204	211	25	4970	1	0	0	0	0	0	0	0	0	0	0	0	0	0	0	0	0	
83.822400	8	3	3	0	1	2	2	4204	205	25	5031	1	0	0	0	0	0	0	0	0	0	0	0	0	0	0	0	0	
84.808800	8	3	3	0	1	2	2	4204	199	25	5090	1	0	0	0	0	0	0	0	0	0	0	0	0	0	0	0	0	
85.813917	8	3	3	0	1	2	2	4204	193	25	5150	1	0	0	0	0	0	0	0	0	0	0	0	0	0	0	0	0	
86.820483	8	3	3	0	1	2	2	4204	188	25	5211	1	0	0	0	0	0	0	0	0	0	0	0	0	0	0	0	0	
87.827033	8	3	3	0	1	2	2	4204	183	25	5271	1	0	0	0	0	0	0	0	0	0	0	0	0	0	0	0	0	
88.812000	8	3	3	0	1	2	2	4204	179	25	5330	1	0	0	0	0	0	0	0	0	0	0	0	0	0	0	0	0	
89.817117	8	3	3	0	1	2	2	4204	173	25	5390	1	0	0	0	0	0	0	0	0	0	0	0	0	0	0	0	0	
90.825117	8	3	3	0	1	2	2	4204	169	25	5451	1	0	0	0	0	0	0	0	0	0	0	0	0	0	0	0	0	
91.808633	8	3	3	0	1	2	2	4204	163	25	5510	1	0	0	0	0	0	0	0	0	0	0	0	0	0	0	0	0	
92.815200	8	3	3	0	1	2	2	4204	159	25	5570	1	0	0	0	0	0	0	0	0	0	0	0	0	0	0	0	0	
93.821767	8	3	3	0	1	2	2	4204	154	25	5631	1	0	0	0	0	0	0	0	0	0	0	0	0	0	0	0	0	
94.825433	8	3	3	0	1	2	2	4204	151	25	5691	1	0	0	0	0	0	0	0	0	0	0	0	0	0	0	0	0	
95.811833	8	3	3	0	1	2	2	4204	146	25	5750	1	0	0	0	0	0	0	0	0	0	0	0	0	0	0	0	0	
96.816967	8	3	3	0	1	2	2	4204	142	25	5810	1	0	0	0	0	0	0	0	0	0	0	0	0	0	0	0	0	
97.813433	8	3	3	0	1	2	2	4204	138	25	5870	1	0	0	0	0	0	0	0	0	0	0	0	0	0	0	0	0	
98.821433	8	3	3	0	1	2	2	4204	134	25	5931	1	0	0	0	0	0	0	0	0	0	0	0	0	0	0	0	0	
99.823683	8	3	3	0	1	2	2	4204	130	25	5991	1	0	0	0	0	0	0	0	0	0	0	0	0	0	0	0	0	
100.811517	8	3	3	0	1	2	2	4204	126	25	6050	1	0	0	0	0	0	0	0	0	0	0	0	0	0	0	0	0	
101.815200	8	3	3	0	1	2	2	4204	124	25	6110	1	0	0	0	0	0	0	0	0	0	0	0	0	0	0	0	0	
102.821767	8	3	3	0	1	2	2	4204	120	25	6171	1	0	0	0	0	0	0	0	0	0	0	0	0	0	0	0	0	
103.826883	8	3	3	0	1	2	2	4204	117	25	6231	1	0	0	0	0	0	0	0	0	0	0	0	0	0	0	0	0	
104.813283	8	3	3	0	1	2	2	4204	113	25	6290	1	0	0	0	0	0	0	0	0	0	0	0	0	0	0	0	0	
105.818400	8	3	3	0	1	2	2	4204	110	25	6351	1	0	0	0	0	0	0	0	0	0	0	0	0	0	0	0	0	
106.824967	8	3	3	0	1	2	2	4204	107	25	6411	1	0	0	0	0	0	0	0	0	0	0	0	0	0	0	0	0	
107.809917	8	3	3	0	1	2	2	4204	105	25	6470	1	0	0	0	0	0	0	0	0	0	0	0	0	0	0	0	0	
108.816483	8	3	3	0	1	2	2	4204	102	25	6530	1	0	0	0	0	0	0	0	0	0	0	0	0	0	0	0	0	
109.824483	8	3	3	0	1	2	2	4204	99	25	6591	1	0	0	0	0	0	0	0	0	0	0	0	0	0	0	0	0	
110.826717	8	3	3	0	1	2	2	4204	95	25	6651	1	0	0	0	0	0	0	0	0	0	0	0	0	0	0	0	0	
111.813117	8	3	3	0	1	2	2	4204	93	25	6710	1	0	0	0	0	0	0	0	0	0	0	0	0	0	0	0	0	
112.821117	8	3	3	0	1	2	2	4204	91	25	6770	1	0	0	0	0	0	0	0	0	0	0	0	0	0	0	0	0	
113.823367	8	3	3	0	1	2	2	4204	89	25	6831	1	0	0	0	0	0	0	0	0	0	0	0	0	0	0	0	0	
114.811200	8	3	3	0	1	2	2	4204	85	25	6890	1	0	0	0	0	0	0	0	0	0	0	0	0	0	0	0	0	
115.819200	8	3	3	0	1	2	2	4204	83	25	6951	1	0	0	0	0	0	0	0	0	0	0	0	0	0	0	0	0	
116.824317	8	3	3	0	1	2	2	4204	81	25	7011	1	0	0	0	0	0	0	0	0	0	0	0	0	0	0	0	0	
117.813600	8	3	3	0	1	2	2	4204	78	25	7070	1	0	0	0	0	0	0	0	0	0	0	0	0	0	0	0	0	
118.815833	8	3	3	0	1	2	2	4204	75	25	7130	1	0	0	0	0	0	0	0	0	0	0	0	0	0	0	0	0	
119.822400	8	3	3	0	1	2	2	4204	74	25	7191	1	0	0	0	0	0	0	0	0	0	0	0	0	0	0	0	0	
120.827517	8	3	3	0	1	2	2	4204	72	25	7251	1	0	0	0	0	0	0	0	0	0	0	0	0	0	0	0	0	
121.816800	8	3	3	0	1	2	2	4204	70	25	7310	1	0	0	0	0	0	0	0	0	0	0	0	0	0	0	0	0	
122.823367	8	3	3	0	1	2	2	4204	67	25	7371	1	0	0	0	0	0	0	0	0	0	0	0	0	0	0	0	0	
123.829917	8	3	3	0	1	2	2	4204	65	25	7431	1	0	0	0	0	0	0	0	0	0	0	0	0	0	0	0	0	
124.814883	8	3	3	0	1	2	2	4204	65	25	7490	1	0	0	0	0	0	0	0	0	0	0	0	0	0	0	0	0	
125.820000	8	3	3	0	1	2	2	4204	62	25	7551	1	0	0	0	0	0	0	0	0	0	0	0	0	0	0	0	0	
126.828000	8	3	3	0	1	2	2	4204	61	25	7611	1	0	0	0	0	0	0	0	0	0	0	0	0	0	0	0	0	
127.811517	8	3	3	0	1	2	2	4204	59	25	7670	1	0	0	0	0	0	0	0	0	0	0	0	0	0	0	0	0	
128.818083	8	3	3	0	1	2	2	4204	57	25	7730	1	0	0	0	0	0	0	0	0	0	0	0	0	0	0	0	0	
129.826083	8	3	3	0	1	2	2	4204	56	25	7791	1	0	0	0	0	0	0	0	0	0	0	0	0	0	0	0	0	
130.501433	8	6	3	0	2	7	1	3971	-546	25	7831	1	1	0	0	0	0	0	0	0	0	0	0	0	0	0	0	0	
130.811033	8	6	3	0	2	7	1	3949	-551	25	7850	1	1	0	0	0	0	0	0	0	0	0	0	0	0	0	0	0	
131.817600	8	6	3	0	2	7	1	3922	-550	25	7910	1	1	1	0	0	0	0	0	0	0	0	0	0	0	0	0	0	
132.824167	8	6	3	0	2	7	1	3908	-550	25	7971	1	1	1	0	0	0	0	0	0	0	0	0	0	0	0	0	0	
133.826400	8	6	3	0	2	7	1	3897	-549	25	8031	1	1	2	0	0	0	0	0	0	0	0	0	0	0	0	0	0	
134.814233	8	6	3	0	2	7	1	3888	-550	25	8090	1	1	3	0	0	0	0	0	0	0	0	0	0	0	0	0	0	
135.819367	8	6	3	0	2	7	1	3879	-549	25	8150	1	1	4	0	0	0	0	0	0	0	0	0	0	0	0	0	0	
136.824483	8	6	3	0	2	7	1	3871	-549	25	8211	1	1	5	0	0	0	0	0	0	0	0	0	0	0	0	0	0	
137.812317	8	6	3	0	2	7	1	3863	-549	25	8270	1	1	5	0	0	0	0	0	0	0	0	0	0	0	0	0	0	
138.816000	8	6	3	0	2	7	1	3855	-549	25	8330	1	1	6	0	0	0	0	0	0	0	0	0	0	0	0	0	0	
139.822567	8	6	3	0	2	7	1	3848	-550	25	8391	1	1	7	0	0	0	0	0	0	0	0	0	0	0	0	0	0	
140.827683	8	6	3	0	2	7	1	3840	-550	25	8451	1	1	8	0	0	0	0	0	0	0	0	0	0	0	0	0	0	
141.814083	8	6	3	0	2	7	1	3832	-549	25	8510	1	1	9	0	0	0	0	0	0	0	0	0	0	0	0	0	0	
142.819200	8	6	3	0	2	7	1	3825	-551	25	8570	1	1	10	0	0	0	0	0	0	0	0	0	0	0	0	0	0	
143.827200	8	6	3	0	2	7	1	3817	-551	25	8631	1	1	10	0	0	0	0	0	0	0	0	0	0	0	0	0	0	
144.829433	8	6	3	0	2	7	1	3810	-550	25	8691	1	1	11	0	0	0	0	0	0	0	0	0	0	0	0	0	0	
145.817283	8	6	3	0	2	7	1	3803	-550	25	8750	1	1	12	0	0	0	0	0	0	0	0	0	0	0	0	0	0	
146.823833	8	6	3	0	2	7	1	3795	-549	25	8811	1	1	13	0	0	0	0	0	0	0	0	0	0	0	0	0	0	
147.827517	8	6	3	0	2	7	1	3788	-550	25	8871	1	1	14	0	0	0	0	0	0	0	0	0	0	0	0	0	0	
148.813917	8	6	3	0	2	7	1	3781	-549	25	8930	1	1	15	0	0	0	0	0	0	0	0	0	0	0	0	0	0	
149.819033	8	6	3	0	2	7	1	3774	-550	25	8990	1	1	15	0	0	0	0	0	0	0	0	0	0	0	0	0	0	
150.824167	8	6	3	0	2	7	1	3767	-549	25	9051	1	1	16	0	0	0	0	0	0	0	0	0	0	0	0	0	0	
151.830717	8	6	3	0	2	7	1	3760	-549	25	9111	1	1	17	0	0	0	0	0	0	0	0	0	0	0	0	0	0	
152.815683	8	6	3	0	2	7	1	3753	-549	25	9170	1	1	18	0	0	0	0	0	0	0	0	0	0	0	0	0	0	
153.822233	8	6	3	0	2	7	1	3746	-549	25	9230	1	1	19	0	0	0	0	0	0	0	0	0	0	0	0	0	0	
154.828800	8	6	3	0	2	7	1	3739	-551	25	9291	1	1	19	0	0	0	0	0	0	0	0	0	0	0	0	0	0	
155.813767	8	6	3	0	2	7	1	3733	-552	25	9350	1	1	20	0	0	0	0	0	0	0	0	0	0	0	0	0	0	
156.818883	8	6	3	0	2	7	1	3726	-548	25	9410	1	1	21	0	0	0	0	0	0	0	0	0	0	0	0	0	0	
157.826883	8	6	3	0	2	7	1	3719	-550	25	9471	1	1	22	0	0	0	0	0	0	0	0	0	0	0	0	0	0	
158.829117	8	6	3	0	2	7	1	3713	-551	25	9531	1	1	23	0	0	0	0	0	0	0	0	0	0	0	0	0	0	
159.818400	8	6	3	0	2	7	1	3706	-549	25	9590	1	1	24	0	0	0	0	0	0	0	0	0	0	0	0	0	0	
160.820633	8	6	3	0	2	7	1	3700	-548	25	9650	1	1	24	0	0	0	0	0	0	0	0	0	0	0	0	0	0	
161.827200	8	6	3	0	2	7	1	3693	-549	25	9711	1	1	25	0	0	0	0	0	0	0	0	0	0	0	0	0	0	
162.816483	8	6	3	0	2	7	1	3687	-550	25	9770	1	1	26	0	0	0	0	0	0	0	0	0	0	0	0	0	0	
163.818717	8	6	3	0	2	7	1	3681	-549	25	9830	1	1	27	0	0	0	0	0	0	0	0	0	0	0	0	0	0	
164.823833	8	6	3	0	2	7	1	3674	-550	25	9891	1	1	28	0	0	0	0	0	0	0	0	0	0	0	0	0	0	
165.831833	8	6	3	0	2	7	1	3668	-551	25	9951	1	1	29	0	0	0	0	0	0	0	0	0	0	0	0	0	0	
166.815367	8	6	3	0	2	7	1	3662	-548	25	10010	1	1	29	0	0	0	0	0	0	0	0	0	0	0	0	0	0	
167.821917	8	6	3	0	2	7	1	3656	-548	25	10070	1	1	30	0	0	0	0	0	0	0	0	0	0	0	0	0	0	
168.828483	8	6	3	0	2	7	1	3650	-549	25	10131	1	1	31	0	0	0	0	0	0	0	0	0	0	0	0	0	0	
169.832167	8	6	3	0	2	7	1	3644	-550	25	10191	1	1	32	0	0	0	0	0	0	0	0	0	0	0	0	0	0	
170.820000	8	6	3	0	2	7	1	3639	-551	25	10250	1	1	33	0	0	0	0	0	0	0	0	0	0	0	0	0	0	
171.823683	8	6	3	0	2	7	1	3633	-551	25	10311	1	1	34	0	0	0	0	0	0	0	0	0	0	0	0	0	0	
172.828800	8	6	3	0	2	7	1	3628	-549	25	10371	1	1	34	0	0	0	0	0	0	0	0	0	0	0	0	0	0	
173.816633	8	6	3	0	2	7	1	3624	-549	25	10430	1	1	35	0	0	0	0	0	0	0	0	0	0	0	0	0	0	
174.820317	8	6	3	0	2	7	1	3618	-548	25	10490	1	1	36	0	0	0	0	0	0	0	0	0	0	0	0	0	0	
175.826883	8	6	3	0	2	7	1	3613	-550	25	10551	1	1	37	0	0	0	0	0	0	0	0	0	0	0	0	0	0	
176.832000	8	6	3	0	2	7	1	3609	-549	25	10611	1	1	38	0	0	0	0	0	0	0	0	0	0	0	0	0	0	
177.818400	8	6	3	0	2	7	1	3605	-551	25	10670	1	1	38	0	0	0	0	0	0	0	0	0	0	0	0	0	0	
178.824967	8	6	3	0	2	7	1	3600	-550	25	10730	1	1	39	0	0	0	0	0	0	0	0	0	0	0	0	0	0	
179.832967	8	6	3	0	2	7	1	3596	-549	25	10791	1	1	40	0	0	0	0	0	0	0	0	0	0	0	0	0	0	
180.817917	8	6	3	0	2	7	1	3591	-550	25	10850	1	1	41	0	0	0	0	0	0	0	0	0	0	0	0	0	0	
181.823033	8	6	3	0	2	7	1	3587	-549	25	10910	1	1	42	0	0	0	0	0	0	0	0	0	0	0	0	0	0	
182.831033	8	6	3	0	2	7	1	3584	-548	25	10971	1	1	43	0	0	0	0	0	0	0	0	0	0	0	0	0	0	
183.814567	8	6	3	0	2	7	1	3579	-548	25	11030	1	1	43	0	0	0	0	0	0	0	0	0	0	0	0	0	0	
184.821117	8	6	3	0	2	7	1	3575	-549	25	11090	1	1	44	0	0	0	0	0	0	0	0	0	0	0	0	0	0	
185.829117	8	6	3	0	2	7	1	3572	-548	25	11151	1	1	45	0	0	0	0	0	0	0	0	0	0	0	0	0	0	
186.831367	8	6	3	0	2	7	1	3568	-550	25	11211	1	1	46	0	0	0	0	0	0	0	0	0	0	0	0	0	0	
187.817767	8	6	3	0	2	7	1	3563	-552	25	11270	1	1	47	0	0	0	0	0	0	0	0	0	0	0	0	0	0	
188.827200	8	6	3	0	2	7	1	3560	-552	25	11331	1	1	48	0	0	0	0	0	0	0	0	0	0	0	0	0	0	
189.829433	8	6	3	0	2	7	1	3556	-549	25	11391	1	1	48	0	0	0	0	0	0	0	0	0	0	0	0	0	0	
190.817283	8	6	3	0	2	7	1	3553	-549	25	11450	1	1	49	0	0	0	0	0	0	0	0	0	0	0	0	0	0	
191.825283	8	6	3	0	2	7	1	3550	-549	25	11510	1	1	50	0	0	0	0	0	0	0	0	0	0	0	0	0	0	
192.827517	8	6	3	0	2	7	1	3546	-553	25	11571	1	1	51	0	0	0	0	0	0	0	0	0	0	0	0	0	0	
193.832633	8	6	3	0	2	7	1	3543	-548	25	11631	1	1	52	0	0	0	0	0	0	0	0	0	0	0	0	0	0	
194.821917	8	6	3	0	2	7	1	3540	-549	25	11690	1	1	53	0	0	0	0	0	0	0	0	0	0	0	0	0	0	
195.825600	8	6	3	0	2	7	1	3537	-549	25	11750	1	1	53	0	0	0	0	0	0	0	0	0	0	0	0	0	0	
196.830717	8	6	3	0	2	7	1	3535	-551	25	11811	1	1	54	0	0	0	0	0	0	0	0	0	0	0	0	0	0	
197.820000	8	6	3	0	2	7	1	3532	-548	25	11870	1	1	55	0	0	0	0	0	0	0	0	0	0	0	0	0	0	
198.822233	8	6	3	0	2	7	1	3529	-550	25	11930	1	1	56	0	0	0	0	0	0	0	0	0	0	0	0	0	0	
199.828800	8	6	3	0	2	7	1	3526	-549	25	11991	1	1	57	0	0	0	0	0	0	0	0	0	0	0	0	0	0	
200.833917	8	6	3	0	2	7	1	3524	-552	25	12051	1	1	57	0	0	0	0	0	0	0	0	0	0	0	0	0	0	
201.820317	8	6	3	0	2	7	1	3521	-549	25	12110	1	1	58	0	0	0	0	0	0	0	0	0	0	0	0	0	0	
202.825433	8	6	3	0	2	7	1	3518	-549	25	12170	1	1	59	0	0	0	0	0	0	0	0	0	0	0	0	0	0	
203.833433	8	6	3	0	2	7	1	3515	-551	25	12231	1	1	60	0	0	0	0	0	0	0	0	0	0	0	0	0	0	
204.816967	8	6	3	0	2	7	1	3513	-550	25	12290	1	1	61	0	0	0	0	0	0	0	0	0	0	0	0	0	0	
205.823517	8	6	3	0	2	7	1	3511	-550	25	12350	1	1	62	0	0	0	0	0	0	0	0	0	0	0	0	0	0	
206.830083	8	6	3	0	2	7	1	3509	-550	25	12411	1	1	62	0	0	0	0	0	0	0	0	0	0	0	0	0	0	
207.833767	8	6	3	0	2	7	1	3506	-550	25	12471	1	1	63	0	0	0	0	0	0	0	0	0	0	0	0	0	0	
208.820167	8	6	3	0	2	7	1	3504	-549	25	12530	1	1	64	0	0	0	0	0	0	0	0	0	0	0	0	0	0	
209.828167	8	6	3	0	2	7	1	3502	-549	25	12590	1	1	65	0	0	0	0	0	0	0	0	0	0	0	0	0	0	
210.830400	8	6	3	0	2	7	1	3499	-549	25	12651	1	1	66	0	0	0	0	0	0	0	0	0	0	0	0	0	0	
211.818233	8	6	3	0	2	7	1	3496	-548	25	12710	1	1	67	0	0	0	0	0	0	0	0	0	0	0	0	0	0	
212.826233	8	6	3	0	2	7	1	3494	-551	25	12770	1	1	67	0	0	0	0	0	0	0	0	0	0	0	0	0	0	
213.828483	8	6	3	0	2	7	1	3491	-549	25	12831	1	1	68	0	0	0	0	0	0	0	0	0	0	0	0	0	0	
214.833600	8	6	3	0	2	7	1	3488	-550	25	12891	1	1	69	0	0	0	0	0	0	0	0	0	0	0	0	0	0	
215.820000	8	6	3	0	2	7	1	3485	-547	25	12950	1	1	70	0	0	0	0	0	0	0	0	0	0	0	0	0	0	
216.825117	8	6	3	0	2	7	1	3482	-549	25	13010	1	1	71	0	0	0	0	0	0	0	0	0	0	0	0	0	0	
217.831683	8	6	3	0	2	7	1	3478	-548	25	13071	1	1	71	0	0	0	0	0	0	0	0	0	0	0	0	0	0	
218.816633	8	6	3	0	2	7	1	3474	-549	25	13130	1	1	72	0	0	0	0	0	0	0	0	0	0	0	0	0	0	
219.823200	8	6	3	0	2	7	1	3470	-550	25	13190	1	1	73	0	0	0	0	0	0	0	0	0	0	0	0	0	0	
220.828317	8	6	3	0	2	7	1	3466	-547	25	13251	1	1	74	0	0	0	0	0	0	0	0	0	0	0	0	0	0	
221.836317	8	6	3	0	2	7	1	3461	-550	25	13311	1	1	75	0	0	0	0	0	0	0	0	0	0	0	0	0	0	
222.821283	8	6	3	0	2	7	1	3456	-551	25	13370	1	1	76	0	0	0	0	0	0	0	0	0	0	0	0	0	0	
223.826400	8	6	3	0	2	7	1	3451	-550	25	13430	1	1	76	0	0	0	0	0	0	0	0	0	0	0	0	0	0	
224.834400	8	6	3	0	2	7	1	3446	-549	25	13491	1	1	77	0	0	0	0	0	0	0	0	0	0	0	0	0	0	
225.836633	8	6	3	0	2	7	1	3441	-550	25	13551	1	1	78	0	0	0	0	0	0	0	0	0	0	0	0	0	0	
226.823033	8	6	3	0	2	7	1	3436	-547	25	13610	1	1	79	0	0	0	0	0	0	0	0	0	0	0	0	0	0	
227.831033	8	6	3	0	2	7	1	3432	-550	25	13671	1	1	80	0	0	0	0	0	0	0	0	0	0	0	0	0	0	
228.833283	8	6	3	0	2	7	1	3427	-549	25	13731	1	1	81	0	0	0	0	0	0	0	0	0	0	0	0	0	0	
229.821117	8	6	3	0	2	7	1	3422	-549	25	13790	1	1	81	0	0	0	0	0	0	0	0	0	0	0	0	0	0	
230.829117	8	6	3	0	2	7	1	3417	-549	25	13850	1	1	82	0	0	0	0	0	0	0	0	0	0	0	0	0	0	
231.831367	8	6	3	0	2	7	1	3410	-550	25	13911	1	1	83	0	0	0	0	0	0	0	0	0	0	0	0	0	0	
232.837917	8	6	3	0	2	7	1	3403	-549	25	13971	1	1	84	0	0	0	0	0	0	0	0	0	0	0	0	0	0	
233.822883	8	6	3	0	2	7	1	3395	-550	25	14030	1	1	85	0	0	0	0	0	0	0	0	0	0	0	0	0	0	
234.828000	8	6	3	0	2	7	1	3384	-549	25	14091	1	1	86	0	0	0	0	0	0	0	0	0	0	0	0	0	0	
235.834567	8	6	3	0	2	7	1	3369	-550	25	14151	1	1	86	0	0	0	0	0	0	0	0	0	0	0	0	0	0	
236.820967	8	6	3	0	2	7	1	3349	-548	25	14210	1	1	87	0	0	0	0	0	0	0	0	0	0	0	0	0	0	
237.826083	8	6	3	0	2	7	1	3317	-550	25	14270	1	1	88	0	0	0	0	0	0	0	0	0	0	0	0	0	0	
238.834083	8	6	3	0	2	7	1	3275	-548	25	14331	1	1	89	0	0	0	0	0	0	0	0	0	0	0	0	0	0	
239.836317	8	6	3	0	2	7	1	3216	-548	25	14391	1	1	90	0	0	0	0	0	0	0	0	0	0	0	0	0	0	
240.824167	8	6	3	0	2	7	1	3138	-549	25	14450	1	1	90	0	0	0	0	0	0	0	0	0	0	0	0	0	0	
241.830717	8	6	3	0	2	7	1	3022	-548	25	14510	1	1	91	0	0	0	0	0	0	0	0	0	0	0	0	0	0	
242.832967	8	6	3	0	2	7	1	2788	-547	25	14571	1	1	92	0	0	0	0	0	0	0	0	0	0	0	0	0	0	
243.099367	8	15	3	0	1	31	2	2976	55	25	14587	2	1	92	0	0	0	0	0	0	0	0	0	0	0	0	0	0	
243.119517	8	3	3	0	1	2	2	3039	102	25	14588	3	1	92	0	0	0	0	0	0	0	0	0	0	0	0	0	0	
243.825117	8	3	3	0	1	2	2	3572	549	25	14630	3	1	92	0	0	0	0	0	0	0	0	0	0	0	0	0	0	
244.830233	8	3	3	0	1	2	2	3706	549	25	14691	3	1	92	0	0	0	0	0	0	0	0	0	0	0	0	0	0	
245.835367	8	3	3	0	1	2	2	3783	550	25	14751	3	1	92	0	0	0	0	0	0	0	0	0	0	0	0	0	0	
246.821767	8	3	3	0	1	2	2	3839	550	25	14810	3	1	92	0	0	0	0	0	0	0	0	0	0	0	0	0	0	
247.829767	8	3	3	0	1	2	2	3881	550	25	14870	3	1	92	0	0	0	0	0	0	0	0	0	0	0	0	0	0	
248.832000	8	3	3	0	1	2	2	3911	549	25	14931	3	1	92	0	0	0	0	0	0	0	0	0	0	0	0	0	0	
249.837117	8	3	3	0	1	2	2	3924	549	25	14991	3	1	92	0	0	0	0	0	0	0	0	0	0	0	0	0	0	
250.823517	8	3	3	0	1	2	2	3930	549	25	15050	3	1	92	0	0	0	0	0	0	0	0	0	0	0	0	0	0	
251.830083	8	3	3	0	1	2	2	3935	550	25	15110	3	1	92	0	0	0	0	0	0	0	0	0	0	0	0	0	0	
252.835200	8	3	3	0	1	2	2	3939	550	25	15171	3	1	92	0	0	0	0	0	0	0	0	0	0	0	0	0	0	
253.821600	8	3	3	0	1	2	2	3944	550	25	15230	3	1	92	0	0	0	0	0	0	0	0	0	0	0	0	0	0	
254.826717	8	3	3	0	1	2	2	3950	549	25	15290	3	1	92	0	0	0	0	0	0	0	0	0	0	0	0	0	0	
255.833283	8	3	3	0	1	2	2	3954	550	25	15351	3	1	92	0	0	0	0	0	0	0	0	0	0	0	0	0	0	
256.839833	8	3	3	0	1	2	2	3959	550	25	15411	3	1	92	0	0	0	0	0	0	0	0	0	0	0	0	0	0	
257.824800	8	3	3	0	1	2	2	3963	549	25	15470	3	1	92	0	0	0	0	0	0	0	0	0	0	0	0	0	0	
258.829917	8	3	3	0	1	2	2	3968	549	25	15530	3	1	92	0	0	0	0	0	0	0	0	0	0	0	0	0	0	
259.835033	8	3	3	0	1	2	2	3974	549	25	15591	3	1	92	0	0	0	0	0	0	0	0	0	0	0	0	0	0	
260.821433	8	3	3	0	1	2	2	3980	549	25	15650	3	1	92	0	0	0	0	0	0	0	0	0	0	0	0	0	0	
261.829433	8	3	3	0	1	2	2	3986	548	25	15710	3	1	92	0	0	0	0	0	0	0	0	0	0	0	0	0	0	
262.831683	8	3	3	0	1	2	2	3993	550	25	15771	3	1	92	0	0	0	0	0	0	0	0	0	0	0	0	0	0	
263.838233	8	3	3	0	1	2	2	3999	549	25	15831	3	1	92	0	0	0	0	0	0	0	0	0	0	0	0	0	0	
264.827517	8	3	3	0	1	2	2	4005	549	25	15890	3	1	92	0	0	0	0	0	0	0	0	0	0	0	0	0	0	
265.829767	8	3	3	0	1	2	2	4011	550	25	15950	3	1	92	0	0	0	0	0	0	0	0	0	0	0	0	0	0	
266.834883	8	3	3	0	1	2	2	4016	550	25	16011	3	1	92	0	0	0	0	0	0	0	0	0	0	0	0	0	0	
267.824167	8	3	3	0	1	2	2	4022	549	25	16070	3	1	92	0	0	0	0	0	0	0	0	0	0	0	0	0	0	
268.826400	8	3	3	0	1	2	2	4027	550	25	16130	3	1	92	0	0	0	0	0	0	0	0	0	0	0	0	0	0	
269.832967	8	3	3	0	1	2	2	4031	549	25	16191	3	1	92	0	0	0	0	0	0	0	0	0	0	0	0	0	0	
270.839517	8	3	3	0	1	2	2	4034	549	25	16251	3	1	92	0	0	0	0	0	0	0	0	0	0	0	0	0	0	
271.824483	8	3	3	0	1	2	2	4038	550	25	16310	3	1	92	0	0	0	0	0	0	0	0	0	0	0	0	0	0	
272.829600	8	3	3	0	1	2	2	4040	549	25	16370	3	1	92	0	0	0	0	0	0	0	0	0	0	0	0	0	0	
273.837600	8	3	3	0	1	2	2	4042	549	25	16431	3	1	92	0	0	0	0	0	0	0	0	0	0	0	0	0	0	
274.839833	8	3	3	0	1	2	2	4044	550	25	16491	3	1	92	0	0	0	0	0	0	0	0	0	0	0	0	0	0	
275.827683	8	3	3	0	1	2	2	4046	550	25	16550	3	1	92	0	0	0	0	0	0	0	0	0	0	0	0	0	0	
276.835683	8	3	3	0	1	2	2	4048	550	25	16611	3	1	92	0	0	0	0	0	0	0	0	0	0	0	0	0	0	
277.837917	8	3	3	0	1	2	2	4050	549	25	16671	3	1	92	0	0	0	0	0	0	0	0	0	0	0	0	0	0	
278.824317	8	3	3	0	1	2	2	4053	550	25	16730	3	1	92	0	0	0	0	0	0	0	0	0	0	0	0	0	0	
279.832317	8	3	3	0	1	2	2	4055	549	25	16790	3	1	92	0	0	0	0	0	0	0	0	0	0	0	0	0	0	
280.834567	8	3	3	0	1	2	2	4057	550	25	16851	3	1	92	0	0	0	0	0	0	0	0	0	0	0	0	0	0	
281.841117	8	3	3	0	1	2	2	4060	550	25	16911	3	1	92	0	0	0	0	0	0	0	0	0	0	0	0	0	0	
282.833283	8	3	3	0	1	2	2	4062	550	25	16970	3	1	92	0	0	0	0	0	0	0	0	0	0	0	0	0	0	
283.835517	8	3	3	0	1	2	2	4064	549	25	17031	3	1	92	0	0	0	0	0	0	0	0	0	0	0	0	0	0	
284.823367	8	3	3	0	1	2	2	4067	550	25	17090	3	1	92	0	0	0	0	0	0	0	0	0	0	0	0	0	0	
285.831367	8	3	3	0	1	2	2	4069	550	25	17150	3	1	92	0	0	0	0	0	0	0	0	0	0	0	0	0	0	
286.833600	8	3	3	0	1	2	2	4072	549	25	17211	3	1	92	0	0	0	0	0	0	0	0	0	0	0	0	0	0	
287.838717	8	3	3	0	1	2	2	4075	550	25	17271	3	1	92	0	0	0	0	0	0	0	0	0	0	0	0	0	0	
288.828000	8	3	3	0	1	2	2	4077	549	25	17330	3	1	92	0	0	0	0	0	0	0	0	0	0	0	0	0	0	
289.830233	8	3	3	0	1	2	2	4080	550	25	17390	3	1	92	0	0	0	0	0	0	0	0	0	0	0	0	0	0	
290.836800	8	3	3	0	1	2	2	4083	550	25	17451	3	1	92	0	0	0	0	0	0	0	0	0	0	0	0	0	0	
291.844800	8	3	3	0	1	2	2	4086	549	25	17511	3	1	92	0	0	0	0	0	0	0	0	0	0	0	0	0	0	
292.828317	8	3	3	0	1	2	2	4088	549	25	17570	3	1	92	0	0	0	0	0	0	0	0	0	0	0	0	0	0	
293.833433	8	3	3	0	1	2	2	4092	549	25	17631	3	1	92	0	0	0	0	0	0	0	0	0	0	0	0	0	0	
294.841433	8	3	3	0	1	2	2	4095	549	25	17691	3	1	92	0	0	0	0	0	0	0	0	0	0	0	0	0	0	
295.826400	8	3	3	0	1	2	2	4098	550	25	17750	3	1	92	0	0	0	0	0	0	0	0	0	0	0	0	0	0	
296.831517	8	3	3	0	1	2	2	4102	551	25	17810	3	1	92	0	0	0	0	0	0	0	0	0	0	0	0	0	0	
297.839517	8	3	3	0	1	2	2	4105	549	25	17871	3	1	92	0	0	0	0	0	0	0	0	0	0	0	0	0	0	
298.841767	8	3	3	0	1	2	2	4108	548	25	17931	3	1	92	0	0	0	0	0	0	0	0	0	0	0	0	0	0	
299.829600	8	3	3	0	1	2	2	4113	550	25	17990	3	1	92	0	0	0	0	0	0	0	0	0	0	0	0	0	0	
300.836167	8	3	3	0	1	2	2	4116	550	25	18051	3	1	92	0	0	0	0	0	0	0	0	0	0	0	0	0	0	
301.838400	8	3	3	0	1	2	2	4116	543	25	18111	3	1	92	0	0	0	0	0	0	0	0	0	0	0	0	0	0	
302.830567	8	3	3	0	1	2	2	4120	542	25	18170	3	1	92	0	0	0	0	0	0	0	0	0	0	0	0	0	0	
303.835683	8	3	3	0	1	2	2	4124	542	25	18231	3	1	92	0	0	0	0	0	0	0	0	0	0	0	0	0	0	
304.839367	8	3	3	0	1	2	2	4127	542	25	18291	3	1	92	0	0	0	0	0	0	0	0	0	0	0	0	0	0	
305.827200	8	3	3	0	1	2	2	4130	541	25	18350	3	1	92	0	0	0	0	0	0	0	0	0	0	0	0	0	0	
306.835200	8	3	3	0	1	2	2	4134	541	25	18410	3	1	92	0	0	0	0	0	0	0	0	0	0	0	0	0	0	
307.837433	8	3	3	0	1	2	2	4138	541	25	18471	3	1	92	0	0	0	0	0	0	0	0	0	0	0	0	0	0	
308.842567	8	3	3	0	1	2	2	4142	540	25	18531	3	1	92	0	0	0	0	0	0	0	0	0	0	0	0	0	0	
309.831833	8	3	3	0	1	2	2	4146	539	25	18590	3	1	92	0	0	0	0	0	0	0	0	0	0	0	0	0	0	
310.835517	8	3	3	0	1	2	2	4150	539	25	18651	3	1	92	0	0	0	0	0	0	0	0	0	0	0	0	0	0	
311.840633	8	3	3	0	1	2	2	4154	538	25	18711	3	1	92	0	0	0	0	0	0	0	0	0	0	0	0	0	0	
312.828483	8	3	3	0	1	2	2	4158	539	25	18770	3	1	92	0	0	0	0	0	0	0	0	0	0	0	0	0	0	
313.832167	8	3	3	0	1	2	2	4163	539	25	18830	3	1	92	0	0	0	0	0	0	0	0	0	0	0	0	0	0	
314.838717	8	3	3	0	1	2	2	4167	538	25	18891	3	1	92	0	0	0	0	0	0	0	0	0	0	0	0	0	0	
315.843833	8	3	3	0	1	2	2	4172	538	25	18951	3	1	92	0	0	0	0	0	0	0	0	0	0	0	0	0	0	
316.830233	8	3	3	0	1	2	2	4176	538	25	19010	3	1	92	0	0	0	0	0	0	0	0	0	0	0	0	0	0	
317.835367	8	3	3	0	1	2	2	4181	536	25	19071	3	1	92	0	0	0	0	0	0	0	0	0	0	0	0	0	0	
318.841917	8	3	3	0	1	2	2	4186	537	25	19131	3	1	92	0	0	0	0	0	0	0	0	0	0	0	0	0	0	
319.826883	8	3	3	0	1	2	2	4190	535	25	19190	3	1	92	0	0	0	0	0	0	0	0	0	0	0	0	0	0	
320.833433	8	3	3	0	1	2	2	4195	536	25	19250	3	1	92	0	0	0	0	0	0	0	0	0	0	0	0	0	0	
321.840000	8	3	3	0	1	2	2	4200	535	25	19311	3	1	92	0	0	0	0	0	0	0	0	0	0	0	0	0	0	
322.843683	8	3	3	0	1	2	2	4204	532	25	19371	3	1	92	0	0	0	0	0	0	0	0	0	0	0	0	0	0	
323.830083	8	3	3	0	1	2	2	4204	519	25	19430	3	1	92	0	0	0	0	0	0	0	0	0	0	0	0	0	0	
324.838083	8	3	3	0	1	2	2	4204	507	25	19491	3	1	92	0	0	0	0	0	0	0	0	0	0	0	0	0	0	
325.840317	8	3	3	0	1	2	2	4204	495	25	19551	3	1	92	0	0	0	0	0	0	0	0	0	0	0	0	0	0	
326.828167	8	3	3	0	1	2	2	4204	484	25	19610	3	1	92	0	0	0	0	0	0	0	0	0	0	0	0	0	0	
327.836167	8	3	3	0	1	2	2	4204	473	25	19670	3	1	92	0	0	0	0	0	0	0	0	0	0	0	0	0	0	
328.838400	8	3	3	0	1	2	2	4204	461	25	19731	3	1	92	0	0	0	0	0	0	0	0	0	0	0	0	0	0	
329.843517	8	3	3	0	1	2	2	4204	450	25	19791	3	1	92	0	0	0	0	0	0	0	0	0	0	0	0	0	0	
330.832800	8	3	3	0	1	2	2	4204	439	25	19850	3	1	92	0	0	0	0	0	0	0	0	0	0	0	0	0	0	
331.835033	8	3	3	0	1	2	2	4204	429	25	19910	3	1	92	0	0	0	0	0	0	0	0	0	0	0	0	0	0	
332.841600	8	3	3	0	1	2	2	4204	418	25	19971	3	1	92	0	0	0	0	0	0	0	0	0	0	0	0	0	0	
333.830883	8	3	3	0	1	2	2	4204	407	25	20030	3	1	92	0	0	0	0	0	0	0	0	0	0	0	0	0	0	
334.833117	8	3	3	0	1	2	2	4204	397	25	20090	3	1	92	0	0	0	0	0	0	0	0	0	0	0	0	0	0	
335.838233	8	3	3	0	1	2	2	4204	388	25	20151	3	1	92	0	0	0	0	0	0	0	0	0	0	0	0	0	0	
336.846233	8	3	3	0	1	2	2	4204	378	25	20211	3	1	92	0	0	0	0	0	0	0	0	0	0	0	0	0	0	
337.831200	8	3	3	0	1	2	2	4204	369	25	20270	3	1	92	0	0	0	0	0	0	0	0	0	0	0	0	0	0	
338.836317	8	3	3	0	1	2	2	4204	358	26	20330	3	1	92	0	0	0	0	0	0	0	0	0	0	0	0	0	0	
339.844317	8	3	3	0	1	2	2	4204	350	25	20391	3	1	92	0	0	0	0	0	0	0	0	0	0	0	0	0	0	
340.827833	8	3	3	0	1	2	2	4204	341	26	20450	3	1	92	0	0	0	0	0	0	0	0	0	0	0	0	0	0	
341.834400	8	3	3	0	1	2	2	4204	332	26	20510	3	1	92	0	0	0	0	0	0	0	0	0	0	0	0	0	0	
342.838083	8	3	3	0	1	2	2	4204	322	26	20571	3	1	92	0	0	0	0	0	0	0	0	0	0	0	0	0	0	
343.843200	8	3	3	0	1	2	2	4204	314	26	20631	3	1	92	0	0	0	0	0	0	0	0	0	0	0	0	0	0	
344.832483	8	3	3	0	1	2	2	4204	306	26	20690	3	1	92	0	0	0	0	0	0	0	0	0	0	0	0	0	0	
345.836167	8	3	3	0	1	2	2	4204	297	26	20750	3	1	92	0	0	0	0	0	0	0	0	0	0	0	0	0	0	
346.841283	8	3	3	0	1	2	2	4204	289	26	20811	3	1	92	0	0	0	0	0	0	0	0	0	0	0	0	0	0	
347.830567	8	3	3	0	1	2	2	4204	282	26	20870	3	1	92	0	0	0	0	0	0	0	0	0	0	0	0	0	0	
348.832800	8	3	3	0	1	2	2	4204	275	26	20930	3	1	92	0	0	0	0	0	0	0	0	0	0	0	0	0	0	
349.839367	8	3	3	0	1	2	2	4204	267	26	20991	3	1	92	0	0	0	0	0	0	0	0	0	0	0	0	0	0	
350.845917	8	3	3	0	1	2	2	4204	260	26	21051	3	1	92	0	0	0	0	0	0	0	0	0	0	0	0	0	0	
351.830883	8	3	3	0	1	2	2	4204	253	26	21110	3	1	92	0	0	0	0	0	0	0	0	0	0	0	0	0	0	
352.836000	8	3	3	0	1	2	2	4204	246	26	21170	3	1	92	0	0	0	0	0	0	0	0	0	0	0	0	0	0	
353.844000	8	3	3	0	1	2	2	4204	240	26	21231	3	1	92	0	0	0	0	0	0	0	0	0	0	0	0	0	0	
354.846233	8	3	3	0	1	2	2	4204	233	26	21291	3	1	92	0	0	0	0	0	0	0	0	0	0	0	0	0	0	
355.834083	8	3	3	0	1	2	2	4204	227	26	21350	3	1	92	0	0	0	0	0	0	0	0	0	0	0	0	0	0	
356.840633	8	3	3	0	1	2	2	4204	221	26	21411	3	1	92	0	0	0	0	0	0	0	0	0	0	0	0	0	0	
357.844317	8	3	3	0	1	2	2	4204	215	26	21471	3	1	92	0	0	0	0	0	0	0	0	0	0	0	0	0	0	
358.830717	8	3	3	0	1	2	2	4204	209	26	21530	3	1	92	0	0	0	0	0	0	0	0	0	0	0	0	0	0	
359.838717	8	3	3	0	1	2	2	4204	203	26	21590	3	1	92	0	0	0	0	0	0	0	0	0	0	0	0	0	0	
360.840967	8	3	3	0	1	2	2	4204	198	26	21651	3	1	92	0	0	0	0	0	0	0	0	0	0	0	0	0	0	
361.847517	8	3	3	0	1	2	2	4204	192	26	21711	3	1	92	0	0	0	0	0	0	0	0	0	0	0	0	0	0	
362.836800	8	3	3	0	1	2	2	4204	187	26	21770	3	1	92	0	0	0	0	0	0	0	0	0	0	0	0	0	0	
363.839033	8	3	3	0	1	2	2	4204	182	26	21831	3	1	92	0	0	0	0	0	0	0	0	0	0	0	0	0	0	
364.844167	8	3	3	0	1	2	2	4204	177	26	21891	3	1	92	0	0	0	0	0	0	0	0	0	0	0	0	0	0	
365.830567	8	3	3	0	1	2	2	4204	173	26	21950	3	1	92	0	0	0	0	0	0	0	0	0	0	0	0	0	0	
366.835683	8	3	3	0	1	2	2	4204	167	26	22010	3	1	92	0	0	0	0	0	0	0	0	0	0	0	0	0	0	
367.842233	8	3	3	0	1	2	2	4204	163	26	22071	3	1	92	0	0	0	0	0	0	0	0	0	0	0	0	0	0	
368.848800	8	3	3	0	1	2	2	4204	158	26	22131	3	1	92	0	0	0	0	0	0	0	0	0	0	0	0	0	0	
369.833767	8	3	3	0	1	2	2	4204	154	26	22190	3	1	92	0	0	0	0	0	0	0	0	0	0	0	0	0	0	
370.838883	8	3	3	0	1	2	2	4204	149	26	22251	3	1	92	0	0	0	0	0	0	0	0	0	0	0	0	0	0	
371.846883	8	3	3	0	1	2	2	4204	145	26	22311	3	1	92	0	0	0	0	0	0	0	0	0	0	0	0	0	0	
372.830400	8	3	3	0	1	2	2	4204	141	26	22370	3	1	92	0	0	0	0	0	0	0	0	0	0	0	0	0	0	
373.836967	8	3	3	0	1	2	2	4204	138	26	22430	3	1	92	0	0	0	0	0	0	0	0	0	0	0	0	0	0	
374.840633	8	3	3	0	1	2	2	4204	133	26	22491	3	1	92	0	0	0	0	0	0	0	0	0	0	0	0	0	0	
375.847200	8	3	3	0	1	2	2	4204	129	26	22551	3	1	92	0	0	0	0	0	0	0	0	0	0	0	0	0	0	
376.835033	8	3	3	0	1	2	2	4204	126	26	22610	3	1	92	0	0	0	0	0	0	0	0	0	0	0	0	0	0	
377.841600	8	3	3	0	1	2	2	4204	123	26	22670	3	1	92	0	0	0	0	0	0	0	0	0	0	0	0	0	0	
378.843833	8	3	3	0	1	2	2	4204	119	26	22731	3	1	92	0	0	0	0	0	0	0	0	0	0	0	0	0	0	
379.831683	8	3	3	0	1	2	2	4204	116	26	22790	3	1	92	0	0	0	0	0	0	0	0	0	0	0	0	0	0	
380.835367	8	3	3	0	1	2	2	4204	113	26	22850	3	1	92	0	0	0	0	0	0	0	0	0	0	0	0	0	0	
381.841917	8	3	3	0	1	2	2	4204	110	26	22911	3	1	92	0	0	0	0	0	0	0	0	0	0	0	0	0	0	
382.847033	8	3	3	0	1	2	2	4204	107	26	22971	3	1	92	0	0	0	0	0	0	0	0	0	0	0	0	0	0	
383.836317	8	3	3	0	1	2	2	4204	104	26	23030	3	1	92	0	0	0	0	0	0	0	0	0	0	0	0	0	0	
384.840000	8	3	3	0	1	2	2	4204	101	26	23090	3	1	92	0	0	0	0	0	0	0	0	0	0	0	0	0	0	
385.845117	8	3	3	0	1	2	2	4204	99	26	23151	3	1	92	0	0	0	0	0	0	0	0	0	0	0	0	0	0	
386.834400	8	3	3	0	1	2	2	4204	96	26	23210	3	1	92	0	0	0	0	0	0	0	0	0	0	0	0	0	0	
387.836633	8	3	3	0	1	2	2	4204	92	26	23270	3	1	92	0	0	0	0	0	0	0	0	0	0	0	0	0	0	
388.843200	8	3	3	0	1	2	2	4204	91	26	23331	3	1	92	0	0	0	0	0	0	0	0	0	0	0	0	0	0	
389.849767	8	3	3	0	1	2	2	4204	89	26	23391	3	1	92	0	0	0	0	0	0	0	0	0	0	0	0	0	0	
390.834717	8	3	3	0	1	2	2	4204	85	26	23450	3	1	92	0	0	0	0	0	0	0	0	0	0	0	0	0	0	
391.839833	8	3	3	0	1	2	2	4204	84	26	23510	3	1	92	0	0	0	0	0	0	0	0	0	0	0	0	0	0	
392.844967	8	3	3	0	1	2	2	4204	81	26	23571	3	1	92	0	0	0	0	0	0	0	0	0	0	0	0	0	0	
393.831367	8	3	3	0	1	2	2	4204	79	26	23630	3	1	92	0	0	0	0	0	0	0	0	0	0	0	0	0	0	
394.839367	8	3	3	0	1	2	2	4204	77	26	23690	3	1	92	0	0	0	0	0	0	0	0	0	0	0	0	0	0	
395.841600	8	3	3	0	1	2	2	4204	74	26	23751	3	1	92	0	0	0	0	0	0	0	0	0	0	0	0	0	0	
396.848167	8	3	3	0	1	2	2	4204	72	26	23811	3	1	92	0	0	0	0	0	0	0	0	0	0	0	0	0	0	
397.837433	8	3	3	0	1	2	2	4204	71	26	23870	3	1	92	0	0	0	0	0	0	0	0	0	0	0	0	0	0	
398.839683	8	3	3	0	1	2	2	4204	68	26	23930	3	1	92	0	0	0	0	0	0	0	0	0	0	0	0	0	0	
399.844800	8	3	3	0	1	2	2	4204	67	26	23991	3	1	92	0	0	0	0	0	0	0	0	0	0	0	0	0	0	
400.851367	8	3	3	0	1	2	2	4204	65	26	24051	3	1	92	0	0	0	0	0	0	0	0	0	0	0	0	0	0	
401.836317	8	3	3	0	1	2	2	4204	62	26	24110	3	1	92	0	0	0	0	0	0	0	0	0	0	0	0	0	0	
402.842883	8	3	3	0	1	2	2	4204	61	26	24171	3	1	92	0	0	0	0	0	0	0	0	0	0	0	0	0	0	
403.848000	8	3	3	0	1	2	2	4204	59	26	24231	3	1	92	0	0	0	0	0	0	0	0	0	0	0	0	0	0	
404.834400	8	3	3	0	1	2	2	4204	58	26	24290	3	1	92	0	0	0	0	0	0	0	0	0	0	0	0	0	0	
405.839517	8	3	3	0	1	2	2	4204	56	26	24350	3	1	92	0	0	0	0	0	0	0	0	0	0	0	0	0	0	
406.311833	8	6	3	0	2	7	1	4174	-66	26	24379	3	2	0	0	0	0	0	0	0	0	0	0	0	0	0	0	0	
406.848967	8	6	3	0	2	7	1	3941	-552	26	24411	3	2	0	0	0	0	0	0	0	0	0	0	0	0	0	0	0	
407.833917	8	6	3	0	2	7	1	3919	-548	26	24470	3	2	1	0	0	0	0	0	0	0	0	0	0	0	0	0	0	
408.839033	8	6	3	0	2	7	1	3906	-549	26	24530	3	2	2	0	0	0	0	0	0	0	0	0	0	0	0	0	0	
409.847033	8	6	3	0	2	7	1	3895	-549	26	24591	3	2	2	0	0	0	0	0	0	0	0	0	0	0	0	0	0	
410.849283	8	6	3	0	2	7	1	3886	-551	26	24651	3	2	3	0	0	0	0	0	0	0	0	0	0	0	0	0	0	
411.838567	8	6	3	0	2	7	1	3878	-550	26	24710	3	2	4	0	0	0	0	0	0	0	0	0	0	0	0	0	0	
412.840800	8	6	3	0	2	7	1	3869	-548	26	24770	3	2	5	0	0	0	0	0	0	0	0	0	0	0	0	0	0	
413.847367	8	6	3	0	2	7	1	3861	-548	26	24831	3	2	6	0	0	0	0	0	0	0	0	0	0	0	0	0	0	
414.835200	8	6	3	0	2	7	1	3854	-552	26	24890	3	2	7	0	0	0	0	0	0	0	0	0	0	0	0	0	0	
415.838883	8	6	3	0	2	7	1	3846	-550	26	24950	3	2	7	0	0	0	0	0	0	0	0	0	0	0	0	0	0	
416.844000	8	6	3	0	2	7	1	3839	-549	26	25011	3	2	8	0	0	0	0	0	0	0	0	0	0	0	0	0	0	
417.850567	8	6	3	0	2	7	1	3831	-549	26	25071	3	2	9	0	0	0	0	0	0	0	0	0	0	0	0	0	0	
418.835517	8	6	3	0	2	7	1	3824	-549	26	25130	3	2	10	0	0	0	0	0	0	0	0	0	0	0	0	0	0	
419.842083	8	6	3	0	2	7	1	3816	-550	26	25190	3	2	11	0	0	0	0	0	0	0	0	0	0	0	0	0	0	
420.847200	8	6	3	0	2	7	1	3809	-551	26	25251	3	2	11	0	0	0	0	0	0	0	0	0	0	0	0	0	0	
421.833600	8	6	3	0	2	7	1	3802	-551	26	25310	3	2	12	0	0	0	0	0	0	0	0	0	0	0	0	0	0	
422.838717	8	6	3	0	2	7	1	3794	-549	26	25370	3	2	13	0	0	0	0	0	0	0	0	0	0	0	0	0	0	
423.846717	8	6	3	0	2	7	1	3787	-550	26	25431	3	2	14	0	0	0	0	0	0	0	0	0	0	0	0	0	0	
424.848967	8	6	3	0	2	7	1	3780	-550	26	25491	3	2	15	0	0	0	0	0	0	0	0	0	0	0	0	0	0	
425.836800	8	6	3	0	2	7	1	3773	-550	26	25550	3	2	16	0	0	0	0	0	0	0	0	0	0	0	0	0	0	
426.840483	8	6	3	0	2	7	1	3766	-549	26	25610	3	2	16	0	0	0	0	0	0	0	0	0	0	0	0	0	0	
427.847033	8	6	3	0	2	7	1	3759	-550	26	25671	3	2	17	0	0	0	0	0	0	0	0	0	0	0	0	0	0	
428.852167	8	6	3	0	2	7	1	3752	-550	26	25731	3	2	18	0	0	0	0	0	0	0	0	0	0	0	0	0	0	
429.838567	8	6	3	0	2	7	1	3745	-551	26	25790	3	2	19	0	0	0	0	0	0	0	0	0	0	0	0	0	0	
430.843683	8	6	3	0	2	7	1	3738	-550	26	25851	3	2	20	0	0	0	0	0	0	0	0	0	0	0	0	0	0	
431.850233	8	6	3	0	2	7	1	3732	-550	26	25911	3	2	21	0	0	0	0	0	0	0	0	0	0	0	0	0	0	
432.835200	8	6	3	0	2	7	1	3725	-548	26	25970	3	2	21	0	0	0	0	0	0	0	0	0	0	0	0	0	0	
433.841767	8	6	3	0	2	7	1	3718	-550	26	26030	3	2	22	0	0	0	0	0	0	0	0	0	0	0	0	0	0	
434.846883	8	6	3	0	2	7	1	3712	-551	26	26091	3	2	23	0	0	0	0	0	0	0	0	0	0	0	0	0	0	
435.852000	8	6	3	0	2	7	1	3705	-549	26	26151	3	2	24	0	0	0	0	0	0	0	0	0	0	0	0	0	0	
436.838400	8	6	3	0	2	7	1	3699	-550	26	26210	3	2	25	0	0	0	0	0	0	0	0	0	0	0	0	0	0	
437.846400	8	6	3	0	2	7	1	3692	-550	26	26270	3	2	25	0	0	0	0	0	0	0	0	0	0	0	0	0	0	
438.848633	8	6	3	0	2	7	1	3686	-549	26	26331	3	2	26	0	0	0	0	0	0	0	0	0	0	0	0	0	0	
439.836483	8	6	3	0	2	7	1	3680	-549	26	26390	3	2	27	0	0	0	0	0	0	0	0	0	0	0	0	0	0	
440.840167	8	6	3	0	2	7	1	3674	-549	26	26450	3	2	28	0	0	0	0	0	0	0	0	0	0	0	0	0	0	
441.846717	8	6	3	0	2	7	1	3667	-551	26	26511	3	2	29	0	0	0	0	0	0	0	0	0	0	0	0	0	0	
442.851833	8	6	3	0	2	7	1	3661	-550	26	26571	3	2	30	0	0	0	0	0	0	0	0	0	0	0	0	0	0	
443.838233	8	6	3	0	2	7	1	3655	-550	26	26630	3	2	30	0	0	0	0	0	0	0	0	0	0	0	0	0	0	
444.843367	8	6	3	0	2	7	1	3649	-550	26	26690	3	2	31	0	0	0	0	0	0	0	0	0	0	0	0	0	0	
445.851367	8	6	3	0	2	7	1	3643	-550	26	26751	3	2	32	0	0	0	0	0	0	0	0	0	0	0	0	0	0	
446.834883	8	6	3	0	2	7	1	3638	-548	26	26810	3	2	33	0	0	0	0	0	0	0	0	0	0	0	0	0	0	
447.841433	8	6	3	0	2	7	1	3632	-548	26	26870	3	2	34	0	0	0	0	0	0	0	0	0	0	0	0	0	0	
448.846567	8	6	3	0	2	7	1	3627	-551	26	26931	3	2	35	0	0	0	0	0	0	0	0	0	0	0	0	0	0	
449.851683	8	6	3	0	2	7	1	3622	-550	26	26991	3	2	35	0	0	0	0	0	0	0	0	0	0	0	0	0	0	
450.839517	8	6	3	0	2	7	1	3618	-548	26	27050	3	2	36	0	0	0	0	0	0	0	0	0	0	0	0	0	0	
451.846083	8	6	3	0	2	7	1	3613	-548	26	27110	3	2	37	0	0	0	0	0	0	0	0	0	0	0	0	0	0	
452.848317	8	6	3	0	2	7	1	3608	-550	26	27171	3	2	38	0	0	0	0	0	0	0	0	0	0	0	0	0	0	
453.854883	8	6	3	0	2	7	1	3604	-549	26	27231	3	2	39	0	0	0	0	0	0	0	0	0	0	0	0	0	0	
454.844167	8	6	3	0	2	7	1	3599	-550	26	27290	3	2	39	0	0	0	0	0	0	0	0	0	0	0	0	0	0	
455.846400	8	6	3	0	2	7	1	3596	-551	26	27351	3	2	40	0	0	0	0	0	0	0	0	0	0	0	0	0	0	
456.851517	8	6	3	0	2	7	1	3591	-550	26	27411	3	2	41	0	0	0	0	0	0	0	0	0	0	0	0	0	0	
457.837917	8	6	3	0	2	7	1	3587	-550	26	27470	3	2	42	0	0	0	0	0	0	0	0	0	0	0	0	0	0	
458.844483	8	6	3	0	2	7	1	3583	-551	26	27530	3	2	43	0	0	0	0	0	0	0	0	0	0	0	0	0	0	
459.849600	8	6	3	0	2	7	1	3579	-550	26	27591	3	2	44	0	0	0	0	0	0	0	0	0	0	0	0	0	0	
460.837433	8	6	3	0	2	7	1	3575	-549	26	27650	3	2	44	0	0	0	0	0	0	0	0	0	0	0	0	0	0	
461.842567	8	6	3	0	2	7	1	3571	-549	26	27710	3	2	45	0	0	0	0	0	0	0	0	0	0	0	0	0	0	
462.850567	8	6	3	0	2	7	1	3568	-550	26	27771	3	2	46	0	0	0	0	0	0	0	0	0	0	0	0	0	0	
463.852800	8	6	3	0	2	7	1	3564	-549	26	27831	3	2	47	0	0	0	0	0	0	0	0	0	0	0	0	0	0	
464.840633	8	6	3	0	2	7	1	3561	-550	26	27890	3	2	48	0	0	0	0	0	0	0	0	0	0	0	0	0	0	
465.845767	8	6	3	0	2	7	1	3557	-550	26	27950	3	2	49	0	0	0	0	0	0	0	0	0	0	0	0	0	0	
466.850883	8	6	3	0	2	7	1	3554	-550	26	28011	3	2	49	0	0	0	0	0	0	0	0	0	0	0	0	0	0	
467.837283	8	6	3	0	2	7	1	3550	-551	26	28070	3	2	50	0	0	0	0	0	0	0	0	0	0	0	0	0	0	
468.845283	8	6	3	0	2	7	1	3546	-550	26	28130	3	2	51	0	0	0	0	0	0	0	0	0	0	0	0	0	0	
469.847517	8	6	3	0	2	7	1	3544	-549	26	28191	3	2	52	0	0	0	0	0	0	0	0	0	0	0	0	0	0	
470.854083	8	6	3	0	2	7	1	3540	-551	26	28251	3	2	53	0	0	0	0	0	0	0	0	0	0	0	0	0	0	
471.839033	8	6	3	0	2	7	1	3537	-549	26	28310	3	2	54	0	0	0	0	0	0	0	0	0	0	0	0	0	0	
472.845600	8	6	3	0	2	7	1	3534	-549	26	28370	3	2	54	0	0	0	0	0	0	0	0	0	0	0	0	0	0	
473.853600	8	6	3	0	2	7	1	3531	-551	26	28431	3	2	55	0	0	0	0	0	0	0	0	0	0	0	0	0	0	
474.855833	8	6	3	0	2	7	1	3529	-551	26	28491	3	2	56	0	0	0	0	0	0	0	0	0	0	0	0	0	0	
475.842233	8	6	3	0	2	7	1	3526	-550	26	28550	3	2	57	0	0	0	0	0	0	0	0	0	0	0	0	0	0	
476.847367	8	6	3	0	2	7	1	3523	-550	26	28611	3	2	58	0	0	0	0	0	0	0	0	0	0	0	0	0	0	
477.852483	8	6	3	0	2	7	1	3521	-548	26	28671	3	2	58	0	0	0	0	0	0	0	0	0	0	0	0	0	0	
478.841767	8	6	3	0	2	7	1	3518	-550	26	28730	3	2	59	0	0	0	0	0	0	0	0	0	0	0	0	0	0	
479.844000	8	6	3	0	2	7	1	3516	-550	26	28790	3	2	60	0	0	0	0	0	0	0	0	0	0	0	0	0	0	
480.850567	8	6	3	0	2	7	1	3514	-550	26	28851	3	2	61	0	0	0	0	0	0	0	0	0	0	0	0	0	0	
481.841283	8	6	3	0	2	7	1	3511	-549	26	28910	3	2	62	0	0	0	0	0	0	0	0	0	0	0	0	0	0	
482.843517	8	6	3	0	2	7	1	3508	-551	26	28970	3	2	63	0	0	0	0	0	0	0	0	0	0	0	0	0	0	
483.850083	8	6	3	0	2	7	1	3506	-550	26	29031	3	2	63	0	0	0	0	0	0	0	0	0	0	0	0	0	0	
484.855200	8	6	3	0	2	7	1	3504	-551	26	29091	3	2	64	0	0	0	0	0	0	0	0	0	0	0	0	0	0	
485.841600	8	6	3	0	2	7	1	3501	-549	26	29150	3	2	65	0	0	0	0	0	0	0	0	0	0	0	0	0	0	
486.846717	8	6	3	0	2	7	1	3499	-550	26	29210	3	2	66	0	0	0	0	0	0	0	0	0	0	0	0	0	0	
487.853283	8	6	3	0	2	7	1	3496	-548	26	29271	3	2	67	0	0	0	0	0	0	0	0	0	0	0	0	0	0	
488.838233	8	6	3	0	2	7	1	3494	-548	26	29330	3	2	68	0	0	0	0	0	0	0	0	0	0	0	0	0	0	
489.844800	8	6	3	0	2	7	1	3491	-547	26	29390	3	2	68	0	0	0	0	0	0	0	0	0	0	0	0	0	0	
490.851367	8	6	3	0	2	7	1	3488	-549	26	29451	3	2	69	0	0	0	0	0	0	0	0	0	0	0	0	0	0	
491.855033	8	6	3	0	2	7	1	3485	-549	26	29511	3	2	70	0	0	0	0	0	0	0	0	0	0	0	0	0	0	
492.841433	8	6	3	0	2	7	1	3482	-548	26	29570	3	2	71	0	0	0	0	0	0	0	0	0	0	0	0	0	0	
493.849433	8	6	3	0	2	7	1	3478	-550	26	29630	3	2	72	0	0	0	0	0	0	0	0	0	0	0	0	0	0	
494.851683	8	6	3	0	2	7	1	3474	-549	26	29691	3	2	72	0	0	0	0	0	0	0	0	0	0	0	0	0	0	
495.858233	8	6	3	0	2	7	1	3470	-548	26	29751	3	2	73	0	0	0	0	0	0	0	0	0	0	0	0	0	0	
496.846083	8	6	3	0	2	7	1	3466	-547	26	29810	3	2	74	0	0	0	0	0	0	0	0	0	0	0	0	0	0	
497.849767	8	6	3	0	2	7	1	3461	-549	26	29871	3	2	75	0	0	0	0	0	0	0	0	0	0	0	0	0	0	
498.854883	8	6	3	0	2	7	1	3456	-549	26	29931	3	2	76	0	0	0	0	0	0	0	0	0	0	0	0	0	0	
499.844167	8	6	3	0	2	7	1	3451	-550	26	29990	3	2	77	0	0	0	0	0	0	0	0	0	0	0	0	0	0	
500.846400	8	6	3	0	2	7	1	3446	-549	26	30050	3	2	77	0	0	0	0	0	0	0	0	0	0	0	0	0	0	
501.852967	8	6	3	0	2	7	1	3441	-550	26	30111	3	2	78	0	0	0	0	0	0	0	0	0	0	0	0	0	0	
502.859517	8	6	3	0	2	7	1	3437	-549	26	30171	3	2	79	0	0	0	0	0	0	0	0	0	0	0	0	0	0	
503.844483	8	6	3	0	2	7	1	3432	-549	26	30230	3	2	80	0	0	0	0	0	0	0	0	0	0	0	0	0	0	
504.849600	8	6	3	0	2	7	1	3428	-549	26	30291	3	2	81	0	0	0	0	0	0	0	0	0	0	0	0	0	0	
505.857600	8	6	3	0	2	7	1	3423	-549	26	30351	3	2	82	0	0	0	0	0	0	0	0	0	0	0	0	0	0	
506.841117	8	6	3	0	2	7	1	3417	-549	26	30410	3	2	82	0	0	0	0	0	0	0	0	0	0	0	0	0	0	
507.847683	8	6	3	0	2	7	1	3412	-548	26	30470	3	2	83	0	0	0	0	0	0	0	0	0	0	0	0	0	0	
508.855683	8	6	3	0	2	7	1	3404	-550	26	30531	3	2	84	0	0	0	0	0	0	0	0	0	0	0	0	0	0	
509.857917	8	6	3	0	2	7	1	3396	-549	26	30591	3	2	85	0	0	0	0	0	0	0	0	0	0	0	0	0	0	
510.845767	8	6	3	0	2	7	1	3385	-550	26	30650	3	2	86	0	0	0	0	0	0	0	0	0	0	0	0	0	0	
511.852317	8	6	3	0	2	7	1	3369	-551	26	30711	3	2	86	0	0	0	0	0	0	0	0	0	0	0	0	0	0	
512.854567	8	6	3	0	2	7	1	3348	-549	26	30771	3	2	87	0	0	0	0	0	0	0	0	0	0	0	0	0	0	
513.842400	8	6	3	0	2	7	1	3317	-550	26	30830	3	2	88	0	0	0	0	0	0	0	0	0	0	0	0	0	0	
514.850400	8	6	3	0	2	7	1	3272	-549	26	30890	3	2	89	0	0	0	0	0	0	0	0	0	0	0	0	0	0	
515.852633	8	6	3	0	2	7	1	3211	-552	26	30951	3	2	90	0	0	0	0	0	0	0	0	0	0	0	0	0	0	
516.857767	8	6	3	0	2	7	1	3126	-549	26	31011	3	2	91	0	0	0	0	0	0	0	0	0	0	0	0	0	0	
517.847033	8	6	3	0	2	7	1	3003	-550	26	31070	3	2	91	0	0	0	0	0	0	0	0	0	0	0	0	0	0	
518.850717	8	6	3	0	2	7	1	2721	-550	26	31130	3	2	92	0	0	0	0	0	0	0	0	0	0	0	0	0	0	
518.964483	8	15	3	0	1	31	2	2975	56	26	31137	4	2	92	0	0	0	0	0	0	0	0	0	0	0	0	0	0	
518.984633	8	4	3	0	1	3	2	3003	0	26	31139	5	2	92	0	0	0	0	0	0	0	0	0	0	0	0	0	0	
519.004800	8	3	3	0	1	2	2	3266	551	26	31140	5	2	92	0	0	0	0	0	0	0	0	0	0	0	0	0	0	
519.844317	8	3	3	0	1	2	2	3598	550	26	31190	5	2	92	0	0	0	0	0	0	0	0	0	0	0	0	0	0	
520.846567	8	3	3	0	1	2	2	3718	550	26	31250	5	2	92	0	0	0	0	0	0	0	0	0	0	0	0	0	0	
521.851683	8	3	3	0	1	2	2	3792	550	26	31311	5	2	92	0	0	0	0	0	0	0	0	0	0	0	0	0	0	
522.858233	8	3	3	0	1	2	2	3845	549	26	31371	5	2	92	0	0	0	0	0	0	0	0	0	0	0	0	0	0	
523.844633	8	3	3	0	1	2	2	3884	549	26	31430	5	2	92	0	0	0	0	0	0	0	0	0	0	0	0	0	0	
524.849767	8	3	3	0	1	2	2	3913	549	26	31490	5	2	92	0	0	0	0	0	0	0	0	0	0	0	0	0	0	
525.856317	8	3	3	0	1	2	2	3924	549	26	31551	5	2	92	0	0	0	0	0	0	0	0	0	0	0	0	0	0	
526.841283	8	3	3	0	1	2	2	3929	550	26	31610	5	2	92	0	0	0	0	0	0	0	0	0	0	0	0	0	0	
527.847833	8	3	3	0	1	2	2	3933	549	26	31670	5	2	92	0	0	0	0	0	0	0	0	0	0	0	0	0	0	
528.854400	8	3	3	0	1	2	2	3939	549	26	31731	5	2	92	0	0	0	0	0	0	0	0	0	0	0	0	0	0	
529.856633	8	3	3	0	1	2	2	3944	550	26	31791	5	2	92	0	0	0	0	0	0	0	0	0	0	0	0	0	0	
530.844483	8	3	3	0	1	2	2	3949	550	26	31850	5	2	92	0	0	0	0	0	0	0	0	0	0	0	0	0	0	
531.852483	8	3	3	0	1	2	2	3953	550	26	31910	5	2	92	0	0	0	0	0	0	0	0	0	0	0	0	0	0	
532.854717	8	3	3	0	1	2	2	3958	549	26	31971	5	2	92	0	0	0	0	0	0	0	0	0	0	0	0	0	0	
533.861283	8	3	3	0	1	2	2	3963	549	26	32031	5	2	92	0	0	0	0	0	0	0	0	0	0	0	0	0	0	
534.849117	8	3	3	0	1	2	2	3968	550	26	32090	5	2	92	0	0	0	0	0	0	0	0	0	0	0	0	0	0	
535.852800	8	3	3	0	1	2	2	3973	550	26	32151	5	2	92	0	0	0	0	0	0	0	0	0	0	0	0	0	0	
536.857917	8	3	3	0	1	2	2	3980	551	26	32211	5	2	92	0	0	0	0	0	0	0	0	0	0	0	0	0	0	
537.847200	8	3	3	0	1	2	2	3986	549	26	32270	5	2	92	0	0	0	0	0	0	0	0	0	0	0	0	0	0	
538.849433	8	3	3	0	1	2	2	3992	550	26	32330	5	2	92	0	0	0	0	0	0	0	0	0	0	0	0	0	0	
539.856000	8	3	3	0	1	2	2	3998	549	26	32391	5	2	92	0	0	0	0	0	0	0	0	0	0	0	0	0	0	
540.861117	8	3	3	0	1	2	2	4005	550	26	32451	5	2	92	0	0	0	0	0	0	0	0	0	0	0	0	0	0	
541.847517	8	3	3	0	1	2	2	4010	550	26	32510	5	2	92	0	0	0	0	0	0	0	0	0	0	0	0	0	0	
542.852633	8	3	3	0	1	2	2	4016	550	26	32571	5	2	92	0	0	0	0	0	0	0	0	0	0	0	0	0	0	
543.860633	8	3	3	0	1	2	2	4021	549	26	32631	5	2	92	0	0	0	0	0	0	0	0	0	0	0	0	0	0	
544.844167	8	3	3	0	1	2	2	4026	549	26	32690	5	2	92	0	0	0	0	0	0	0	0	0	0	0	0	0	0	
545.850717	8	3	3	0	1	2	2	4030	549	26	32750	5	2	92	0	0	0	0	0	0	0	0	0	0	0	0	0	0	
546.858717	8	3	3	0	1	2	2	4033	550	26	32811	5	2	92	0	0	0	0	0	0	0	0	0	0	0	0	0	0	
547.860967	8	3	3	0	1	2	2	4036	550	26	32871	5	2	92	0	0	0	0	0	0	0	0	0	0	0	0	0	0	
548.847367	8	3	3	0	1	2	2	4039	550	26	32930	5	2	92	0	0	0	0	0	0	0	0	0	0	0	0	0	0	
549.855367	8	3	3	0	1	2	2	4041	550	26	32991	5	2	92	0	0	0	0	0	0	0	0	0	0	0	0	0	0	
550.857600	8	3	3	0	1	2	2	4043	550	26	33051	5	2	92	0	0	0	0	0	0	0	0	0	0	0	0	0	0	
551.845433	8	3	3	0	1	2	2	4045	549	26	33110	5	2	92	0	0	0	0	0	0	0	0	0	0	0	0	0	0	
552.853433	8	3	3	0	1	2	2	4047	550	26	33170	5	2	92	0	0	0	0	0	0	0	0	0	0	0	0	0	0	
553.855683	8	3	3	0	1	2	2	4049	550	26	33231	5	2	92	0	0	0	0	0	0	0	0	0	0	0	0	0	0	
554.870883	8	3	3	0	1	2	2	4052	549	26	33291	5	2	92	0	0	0	0	0	0	0	0	0	0	0	0	0	0	
555.858717	8	3	3	0	1	2	2	4053	549	26	33351	5	2	92	0	0	0	0	0	0	0	0	0	0	0	0	0	0	
556.860967	8	3	3	0	1	2	2	4056	549	26	33411	5	2	92	0	0	0	0	0	0	0	0	0	0	0	0	0	0	
557.850233	8	3	3	0	1	2	2	4058	549	26	33470	5	2	92	0	0	0	0	0	0	0	0	0	0	0	0	0	0	
558.852483	8	3	3	0	1	2	2	4061	549	26	33530	5	2	92	0	0	0	0	0	0	0	0	0	0	0	0	0	0	
559.859033	8	3	3	0	1	2	2	4063	550	26	33591	5	2	92	0	0	0	0	0	0	0	0	0	0	0	0	0	0	
560.848317	8	3	3	0	1	2	2	4066	549	26	33650	5	2	92	0	0	0	0	0	0	0	0	0	0	0	0	0	0	
561.850567	8	3	3	0	1	2	2	4068	550	26	33710	5	2	92	0	0	0	0	0	0	0	0	0	0	0	0	0	0	
562.855683	8	3	3	0	1	2	2	4071	549	26	33771	5	2	92	0	0	0	0	0	0	0	0	0	0	0	0	0	0	
563.844967	8	3	3	0	1	2	2	4074	550	26	33830	5	2	92	0	0	0	0	0	0	0	0	0	0	0	0	0	0	
564.851517	8	3	3	0	1	2	2	4076	550	26	33890	5	2	92	0	0	0	0	0	0	0	0	0	0	0	0	0	0	
565.856633	8	3	3	0	1	2	2	4079	549	26	33951	5	2	92	0	0	0	0	0	0	0	0	0	0	0	0	0	0	
566.864633	8	3	3	0	1	2	2	4082	549	26	34011	5	2	92	0	0	0	0	0	0	0	0	0	0	0	0	0	0	
567.848167	8	3	3	0	1	2	2	4085	549	26	34070	5	2	92	0	0	0	0	0	0	0	0	0	0	0	0	0	0	
568.856167	8	3	3	0	1	2	2	4088	550	26	34130	5	2	92	0	0	0	0	0	0	0	0	0	0	0	0	0	0	
569.858400	8	3	3	0	1	2	2	4091	549	26	34191	5	2	92	0	0	0	0	0	0	0	0	0	0	0	0	0	0	
570.846233	8	3	3	0	1	2	2	4094	549	26	34250	5	2	92	0	0	0	0	0	0	0	0	0	0	0	0	0	0	
571.854233	8	3	3	0	1	2	2	4098	549	26	34310	5	2	92	0	0	0	0	0	0	0	0	0	0	0	0	0	0	
572.856483	8	3	3	0	1	2	2	4101	550	26	34371	5	2	92	0	0	0	0	0	0	0	0	0	0	0	0	0	0	
573.861600	8	3	3	0	1	2	2	4104	549	26	34431	5	2	92	0	0	0	0	0	0	0	0	0	0	0	0	0	0	
574.848000	8	3	3	0	1	2	2	4108	550	26	34490	5	2	92	0	0	0	0	0	0	0	0	0	0	0	0	0	0	
575.853117	8	3	3	0	1	2	2	4111	551	26	34550	5	2	92	0	0	0	0	0	0	0	0	0	0	0	0	0	0	
576.859683	8	3	3	0	1	2	2	4115	549	26	34611	5	2	92	0	0	0	0	0	0	0	0	0	0	0	0	0	0	
577.863367	8	3	3	0	1	2	2	4117	546	26	34671	5	2	92	0	0	0	0	0	0	0	0	0	0	0	0	0	0	
578.851200	8	3	3	0	1	2	2	4119	542	26	34730	5	2	92	0	0	0	0	0	0	0	0	0	0	0	0	0	0	
579.859200	8	3	3	0	1	2	2	4122	542	26	34791	5	2	92	0	0	0	0	0	0	0	0	0	0	0	0	0	0	
580.861433	8	3	3	0	1	2	2	4126	541	26	34851	5	2	92	0	0	0	0	0	0	0	0	0	0	0	0	0	0	
581.850717	8	3	3	0	1	2	2	4129	541	26	34910	5	2	92	0	0	0	0	0	0	0	0	0	0	0	0	0	0	
582.852967	8	3	3	0	1	2	2	4133	540	26	34970	5	2	92	0	0	0	0	0	0	0	0	0	0	0	0	0	0	
583.858083	8	3	3	0	1	2	2	4137	540	26	35031	5	2	92	0	0	0	0	0	0	0	0	0	0	0	0	0	0	
584.864633	8	3	3	0	1	2	2	4141	540	26	35091	5	2	92	0	0	0	0	0	0	0	0	0	0	0	0	0	0	
585.849600	8	3	3	0	1	2	2	4144	539	26	35150	5	2	92	0	0	0	0	0	0	0	0	0	0	0	0	0	0	
586.856167	8	3	3	0	1	2	2	4148	538	26	35211	5	2	92	0	0	0	0	0	0	0	0	0	0	0	0	0	0	
587.864167	8	3	3	0	1	2	2	4153	538	26	35271	5	2	92	0	0	0	0	0	0	0	0	0	0	0	0	0	0	
588.847683	8	3	3	0	1	2	2	4157	537	26	35330	5	2	92	0	0	0	0	0	0	0	0	0	0	0	0	0	0	
589.855683	8	3	3	0	1	2	2	4161	537	26	35390	5	2	92	0	0	0	0	0	0	0	0	0	0	0	0	0	0	
590.857917	8	3	3	0	1	2	2	4166	537	26	35451	5	2	92	0	0	0	0	0	0	0	0	0	0	0	0	0	0	
591.863033	8	3	3	0	1	2	2	4170	537	26	35511	5	2	92	0	0	0	0	0	0	0	0	0	0	0	0	0	0	
592.852317	8	3	3	0	1	2	2	4174	536	26	35570	5	2	92	0	0	0	0	0	0	0	0	0	0	0	0	0	0	
593.854567	8	3	3	0	1	2	2	4179	536	26	35630	5	2	92	0	0	0	0	0	0	0	0	0	0	0	0	0	0	
594.861117	8	3	3	0	1	2	2	4184	535	26	35691	5	2	92	0	0	0	0	0	0	0	0	0	0	0	0	0	0	
595.850400	8	3	3	0	1	2	2	4188	534	26	35750	5	2	92	0	0	0	0	0	0	0	0	0	0	0	0	0	0	
596.855517	8	3	3	0	1	2	2	4194	534	26	35810	5	2	92	0	0	0	0	0	0	0	0	0	0	0	0	0	0	
597.862083	8	3	3	0	1	2	2	4199	534	26	35871	5	2	92	0	0	0	0	0	0	0	0	0	0	0	0	0	0	
598.847033	8	3	3	0	1	2	2	4203	533	26	35930	5	2	92	0	0	0	0	0	0	0	0	0	0	0	0	0	0	
599.853600	8	3	3	0	1	2	2	4204	522	26	35990	5	2	92	0	0	0	0	0	0	0	0	0	0	0	0	0	0	
600.861600	8	3	3	0	1	2	2	4204	510	26	36051	5	2	92	0	0	0	0	0	0	0	0	0	0	0	0	0	0	
601.863833	8	3	3	0	1	2	2	4204	498	26	36111	5	2	92	0	0	0	0	0	0	0	0	0	0	0	0	0	0	
602.850233	8	3	3	0	1	2	2	4204	486	26	36170	5	2	92	0	0	0	0	0	0	0	0	0	0	0	0	0	0	
603.855367	8	3	3	0	1	2	2	4204	475	26	36230	5	2	92	0	0	0	0	0	0	0	0	0	0	0	0	0	0	
604.860483	8	3	3	0	1	2	2	4204	464	26	36291	5	2	92	0	0	0	0	0	0	0	0	0	0	0	0	0	0	
605.867033	8	3	3	0	1	2	2	4204	453	26	36351	5	2	92	0	0	0	0	0	0	0	0	0	0	0	0	0	0	
606.852000	8	3	3	0	1	2	2	4204	441	26	36410	5	2	92	0	0	0	0	0	0	0	0	0	0	0	0	0	0	
607.858567	8	3	3	0	1	2	2	4204	430	26	36471	5	2	92	0	0	0	0	0	0	0	0	0	0	0	0	0	0	
608.866567	8	3	3	0	1	2	2	4204	420	26	36531	5	2	92	0	0	0	0	0	0	0	0	0	0	0	0	0	0	
609.850083	8	3	3	0	1	2	2	4204	409	26	36590	5	2	92	0	0	0	0	0	0	0	0	0	0	0	0	0	0	
610.856633	8	3	3	0	1	2	2	4204	399	26	36650	5	2	92	0	0	0	0	0	0	0	0	0	0	0	0	0	0	
611.863200	8	3	3	0	1	2	2	4204	388	26	36711	5	2	92	0	0	0	0	0	0	0	0	0	0	0	0	0	0	
612.865433	8	3	3	0	1	2	2	4204	379	26	36771	5	2	92	0	0	0	0	0	0	0	0	0	0	0	0	0	0	
613.853283	8	3	3	0	1	2	2	4204	370	26	36830	5	2	92	0	0	0	0	0	0	0	0	0	0	0	0	0	0	
614.861283	8	3	3	0	1	2	2	4204	360	26	36891	5	2	92	0	0	0	0	0	0	0	0	0	0	0	0	0	0	
615.863517	8	3	3	0	1	2	2	4204	351	26	36951	5	2	92	0	0	0	0	0	0	0	0	0	0	0	0	0	0	
616.851367	8	3	3	0	1	2	2	4204	341	26	37010	5	2	92	0	0	0	0	0	0	0	0	0	0	0	0	0	0	
617.855033	8	3	3	0	1	2	2	4204	332	26	37070	5	2	92	0	0	0	0	0	0	0	0	0	0	0	0	0	0	
618.861600	8	3	3	0	1	2	2	4204	324	26	37131	5	2	92	0	0	0	0	0	0	0	0	0	0	0	0	0	0	
619.866717	8	3	3	0	1	2	2	4204	314	26	37191	5	2	92	0	0	0	0	0	0	0	0	0	0	0	0	0	0	
620.851683	8	3	3	0	1	2	2	4204	306	26	37250	5	2	92	0	0	0	0	0	0	0	0	0	0	0	0	0	0	
621.858233	8	3	3	0	1	2	2	4204	298	26	37310	5	2	92	0	0	0	0	0	0	0	0	0	0	0	0	0	0	
622.866233	8	3	3	0	1	2	2	4204	290	26	37371	5	2	92	0	0	0	0	0	0	0	0	0	0	0	0	0	0	
623.849767	8	3	3	0	1	2	2	4204	282	26	37430	5	2	92	0	0	0	0	0	0	0	0	0	0	0	0	0	0	
624.856317	8	3	3	0	1	2	2	4204	274	26	37490	5	2	92	0	0	0	0	0	0	0	0	0	0	0	0	0	0	
625.862883	8	3	3	0	1	2	2	4204	267	26	37551	5	2	92	0	0	0	0	0	0	0	0	0	0	0	0	0	0	
626.866567	8	3	3	0	1	2	2	4204	260	26	37611	5	2	92	0	0	0	0	0	0	0	0	0	0	0	0	0	0	
627.854400	8	3	3	0	1	2	2	4204	254	26	37670	5	2	92	0	0	0	0	0	0	0	0	0	0	0	0	0	0	
628.856633	8	3	3	0	1	2	2	4204	246	26	37730	5	2	92	0	0	0	0	0	0	0	0	0	0	0	0	0	0	
629.863200	8	3	3	0	1	2	2	4204	239	26	37791	5	2	92	0	0	0	0	0	0	0	0	0	0	0	0	0	0	
630.852483	8	3	3	0	1	2	2	4204	232	26	37850	5	2	92	0	0	0	0	0	0	0	0	0	0	0	0	0	0	
631.854717	8	3	3	0	1	2	2	4204	226	26	37910	5	2	92	0	0	0	0	0	0	0	0	0	0	0	0	0	0	
632.861283	8	3	3	0	1	2	2	4204	219	26	37971	5	2	92	0	0	0	0	0	0	0	0	0	0	0	0	0	0	
633.866400	8	3	3	0	1	2	2	4204	214	26	38031	5	2	92	0	0	0	0	0	0	0	0	0	0	0	0	0	0	
634.852800	8	3	3	0	1	2	2	4204	207	26	38090	5	2	92	0	0	0	0	0	0	0	0	0	0	0	0	0	0	
635.857917	8	3	3	0	1	2	2	4204	202	26	38150	5	2	92	0	0	0	0	0	0	0	0	0	0	0	0	0	0	
636.865917	8	3	3	0	1	2	2	4204	196	26	38211	5	2	92	0	0	0	0	0	0	0	0	0	0	0	0	0	0	
637.868167	8	3	3	0	1	2	2	4204	192	26	38271	5	2	92	0	0	0	0	0	0	0	0	0	0	0	0	0	0	
638.856000	8	3	3	0	1	2	2	4204	185	26	38330	5	2	92	0	0	0	0	0	0	0	0	0	0	0	0	0	0	
639.864000	8	3	3	0	1	2	2	4204	180	26	38391	5	2	92	0	0	0	0	0	0	0	0	0	0	0	0	0	0	
640.866233	8	3	3	0	1	2	2	4204	176	26	38451	5	2	92	0	0	0	0	0	0	0	0	0	0	0	0	0	0	
641.854083	8	3	3	0	1	2	2	4204	171	26	38510	5	2	92	0	0	0	0	0	0	0	0	0	0	0	0	0	0	
642.857767	8	3	3	0	1	2	2	4204	165	26	38570	5	2	92	0	0	0	0	0	0	0	0	0	0	0	0	0	0	
643.862883	8	3	3	0	1	2	2	4204	160	26	38631	5	2	92	0	0	0	0	0	0	0	0	0	0	0	0	0	0	
644.869433	8	3	3	0	1	2	2	4204	156	26	38691	5	2	92	0	0	0	0	0	0	0	0	0	0	0	0	0	0	
645.854400	8	3	3	0	1	2	2	4204	152	26	38750	5	2	92	0	0	0	0	0	0	0	0	0	0	0	0	0	0	
646.860967	8	3	3	0	1	2	2	4204	148	26	38810	5	2	92	0	0	0	0	0	0	0	0	0	0	0	0	0	0	
647.868967	8	3	3	0	1	2	2	4204	144	26	38871	5	2	92	0	0	0	0	0	0	0	0	0	0	0	0	0	0	
648.852483	8	3	3	0	1	2	2	4204	140	26	38930	5	2	92	0	0	0	0	0	0	0	0	0	0	0	0	0	0	
649.857600	8	3	3	0	1	2	2	4204	137	26	38990	5	2	92	0	0	0	0	0	0	0	0	0	0	0	0	0	0	
650.862717	8	3	3	0	1	2	2	4204	132	26	39051	5	2	92	0	0	0	0	0	0	0	0	0	0	0	0	0	0	
651.867833	8	3	3	0	1	2	2	4204	129	26	39111	5	2	92	0	0	0	0	0	0	0	0	0	0	0	0	0	0	
652.857117	8	3	3	0	1	2	2	4204	124	26	39170	5	2	92	0	0	0	0	0	0	0	0	0	0	0	0	0	0	
653.859367	8	3	3	0	1	2	2	4204	121	26	39230	5	2	92	0	0	0	0	0	0	0	0	0	0	0	0	0	0	
654.865917	8	3	3	0	1	2	2	4204	118	26	39291	5	2	92	0	0	0	0	0	0	0	0	0	0	0	0	0	0	
655.855200	8	3	3	0	1	2	2	4204	115	26	39350	5	2	92	0	0	0	0	0	0	0	0	0	0	0	0	0	0	
656.857433	8	3	3	0	1	2	2	4204	111	26	39410	5	2	92	0	0	0	0	0	0	0	0	0	0	0	0	0	0	
657.862567	8	3	3	0	1	2	2	4204	108	26	39471	5	2	92	0	0	0	0	0	0	0	0	0	0	0	0	0	0	
658.870567	8	3	3	0	1	2	2	4204	106	26	39531	5	2	92	0	0	0	0	0	0	0	0	0	0	0	0	0	0	
659.854083	8	3	3	0	1	2	2	4204	102	26	39590	5	2	92	0	0	0	0	0	0	0	0	0	0	0	0	0	0	
660.860633	8	3	3	0	1	2	2	4204	99	26	39650	5	2	92	0	0	0	0	0	0	0	0	0	0	0	0	0	0	
661.868633	8	3	3	0	1	2	2	4204	96	26	39711	5	2	92	0	0	0	0	0	0	0	0	0	0	0	0	0	0	
662.870883	8	3	3	0	1	2	2	4204	94	26	39771	5	2	92	0	0	0	0	0	0	0	0	0	0	0	0	0	0	
663.860167	8	3	3	0	1	2	2	4204	92	26	39830	5	2	92	0	0	0	0	0	0	0	0	0	0	0	0	0	0	
664.862400	8	3	3	0	1	2	2	4204	88	26	39891	5	2	92	0	0	0	0	0	0	0	0	0	0	0	0	0	0	
665.867517	8	3	3	0	1	2	2	4204	87	26	39951	5	2	92	0	0	0	0	0	0	0	0	0	0	0	0	0	0	
666.856800	8	3	3	0	1	2	2	4204	84	26	40010	5	2	92	0	0	0	0	0	0	0	0	0	0	0	0	0	0	
667.859033	8	3	3	0	1	2	2	4204	83	26	40070	5	2	92	0	0	0	0	0	0	0	0	0	0	0	0	0	0	
668.865600	8	3	3	0	1	2	2	4204	80	26	40131	5	2	92	0	0	0	0	0	0	0	0	0	0	0	0	0	0	
669.873600	8	3	3	0	1	2	2	4204	77	26	40191	5	2	92	0	0	0	0	0	0	0	0	0	0	0	0	0	0	
670.857117	8	3	3	0	1	2	2	4204	75	26	40250	5	2	92	0	0	0	0	0	0	0	0	0	0	0	0	0	0	
671.863683	8	3	3	0	1	2	2	4204	73	26	40311	5	2	92	0	0	0	0	0	0	0	0	0	0	0	0	0	0	
672.867367	8	3	3	0	1	2	2	4204	70	26	40371	5	2	92	0	0	0	0	0	0	0	0	0	0	0	0	0	0	
673.853767	8	3	3	0	1	2	2	4204	69	26	40430	5	2	92	0	0	0	0	0	0	0	0	0	0	0	0	0	0	
674.861767	8	3	3	0	1	2	2	4204	67	26	40490	5	2	92	0	0	0	0	0	0	0	0	0	0	0	0	0	0	
675.864000	8	3	3	0	1	2	2	4204	65	26	40551	5	2	92	0	0	0	0	0	0	0	0	0	0	0	0	0	0	
676.870567	8	3	3	0	1	2	2	4204	64	26	40611	5	2	92	0	0	0	0	0	0	0	0	0	0	0	0	0	0	
677.859833	8	3	3	0	1	2	2	4204	61	26	40670	5	2	92	0	0	0	0	0	0	0	0	0	0	0	0	0	0	
678.862083	8	3	3	0	1	2	2	4204	60	26	40730	5	2	92	0	0	0	0	0	0	0	0	0	0	0	0	0	0	
679.868633	8	3	3	0	1	2	2	4204	58	26	40791	5	2	92	0	0	0	0	0	0	0	0	0	0	0	0	0	0	
680.853600	8	3	3	0	1	2	2	4204	57	26	40850	5	2	92	0	0	0	0	0	0	0	0	0	0	0	0	0	0	
681.858717	8	3	3	0	1	2	2	4204	55	26	40910	5	2	92	0	0	0	0	0	0	0	0	0	0	0	0	0	0	
681.992633	8	6	3	0	2	7	1	4182	-47	26	40918	5	3	0	0	0	0	0	0	0	0	0	0	0	0	0	0	0	
682.866717	8	6	3	0	2	7	1	3932	-552	26	40971	5	3	0	0	0	0	0	0	0	0	0	0	0	0	0	0	0	
683.874717	8	6	3	0	2	7	1	3915	-548	26	41031	5	3	1	0	0	0	0	0	0	0	0	0	0	0	0	0	0	
684.858233	8	6	3	0	2	7	1	3903	-548	26	41090	5	3	2	0	0	0	0	0	0	0	0	0	0	0	0	0	0	
685.866233	8	6	3	0	2	7	1	3894	-549	26	41151	5	3	3	0	0	0	0	0	0	0	0	0	0	0	0	0	0	
686.868483	8	6	3	0	2	7	1	3885	-548	26	41211	5	3	3	0	0	0	0	0	0	0	0	0	0	0	0	0	0	
687.856317	8	6	3	0	2	7	1	3877	-550	26	41270	5	3	4	0	0	0	0	0	0	0	0	0	0	0	0	0	0	
688.860000	8	6	3	0	2	7	1	3869	-551	26	41330	5	3	5	0	0	0	0	0	0	0	0	0	0	0	0	0	0	
689.866567	8	6	3	0	2	7	1	3860	-549	26	41391	5	3	6	0	0	0	0	0	0	0	0	0	0	0	0	0	0	
690.871683	8	6	3	0	2	7	1	3853	-548	26	41451	5	3	7	0	0	0	0	0	0	0	0	0	0	0	0	0	0	
691.858083	8	6	3	0	2	7	1	3845	-550	26	41510	5	3	8	0	0	0	0	0	0	0	0	0	0	0	0	0	0	
692.863200	8	6	3	0	2	7	1	3838	-549	26	41570	5	3	8	0	0	0	0	0	0	0	0	0	0	0	0	0	0	
693.871200	8	6	3	0	2	7	1	3830	-548	26	41631	5	3	9	0	0	0	0	0	0	0	0	0	0	0	0	0	0	
694.854717	8	6	3	0	2	7	1	3823	-549	26	41690	5	3	10	0	0	0	0	0	0	0	0	0	0	0	0	0	0	
695.861283	8	6	3	0	2	7	1	3815	-550	26	41750	5	3	11	0	0	0	0	0	0	0	0	0	0	0	0	0	0	
696.864967	8	6	3	0	2	7	1	3808	-549	26	41811	5	3	12	0	0	0	0	0	0	0	0	0	0	0	0	0	0	
697.871517	8	6	3	0	2	7	1	3800	-550	26	41871	5	3	13	0	0	0	0	0	0	0	0	0	0	0	0	0	0	
698.860800	8	6	3	0	2	7	1	3793	-550	26	41930	5	3	13	0	0	0	0	0	0	0	0	0	0	0	0	0	0	
699.863033	8	6	3	0	2	7	1	3787	-549	26	41990	5	3	14	0	0	0	0	0	0	0	0	0	0	0	0	0	0	
700.868167	8	6	3	0	2	7	1	3779	-550	26	42051	5	3	15	0	0	0	0	0	0	0	0	0	0	0	0	0	0	
701.876167	8	6	3	0	2	7	1	3772	-549	26	42111	5	3	16	0	0	0	0	0	0	0	0	0	0	0	0	0	0	
702.859683	8	6	3	0	2	7	1	3765	-549	26	42170	5	3	17	0	0	0	0	0	0	0	0	0	0	0	0	0	0	
703.866233	8	6	3	0	2	7	1	3758	-549	26	42231	5	3	18	0	0	0	0	0	0	0	0	0	0	0	0	0	0	
704.869917	8	6	3	0	2	7	1	3751	-550	26	42291	5	3	18	0	0	0	0	0	0	0	0	0	0	0	0	0	0	
705.857767	8	6	3	0	2	7	1	3745	-550	26	42350	5	3	19	0	0	0	0	0	0	0	0	0	0	0	0	0	0	
706.865767	8	6	3	0	2	7	1	3737	-549	26	42410	5	3	20	0	0	0	0	0	0	0	0	0	0	0	0	0	0	
707.868000	8	6	3	0	2	7	1	3731	-549	26	42471	5	3	21	0	0	0	0	0	0	0	0	0	0	0	0	0	0	
708.873117	8	6	3	0	2	7	1	3724	-551	26	42531	5	3	22	0	0	0	0	0	0	0	0	0	0	0	0	0	0	
709.859517	8	6	3	0	2	7	1	3717	-550	26	42590	5	3	22	0	0	0	0	0	0	0	0	0	0	0	0	0	0	
710.864633	8	6	3	0	2	7	1	3711	-548	26	42650	5	3	23	0	0	0	0	0	0	0	0	0	0	0	0	0	0	
711.871200	8	6	3	0	2	7	1	3704	-550	26	42711	5	3	24	0	0	0	0	0	0	0	0	0	0	0	0	0	0	
712.856167	8	6	3	0	2	7	1	3697	-548	26	42770	5	3	25	0	0	0	0	0	0	0	0	0	0	0	0	0	0	
713.862717	8	6	3	0	2	7	1	3692	-549	26	42830	5	3	26	0	0	0	0	0	0	0	0	0	0	0	0	0	0	
714.870717	8	6	3	0	2	7	1	3685	-550	26	42891	5	3	27	0	0	0	0	0	0	0	0	0	0	0	0	0	0	
715.872967	8	6	3	0	2	7	1	3679	-548	26	42951	5	3	27	0	0	0	0	0	0	0	0	0	0	0	0	0	0	
716.862233	8	6	3	0	2	7	1	3672	-548	26	43010	5	3	28	0	0	0	0	0	0	0	0	0	0	0	0	0	0	
717.864483	8	6	3	0	2	7	1	3666	-548	26	43070	5	3	29	0	0	0	0	0	0	0	0	0	0	0	0	0	0	
718.869600	8	6	3	0	2	7	1	3660	-550	26	43131	5	3	30	0	0	0	0	0	0	0	0	0	0	0	0	0	0	
719.858883	8	6	3	0	2	7	1	3654	-551	26	43190	5	3	31	0	0	0	0	0	0	0	0	0	0	0	0	0	0	
720.861117	8	6	3	0	2	7	1	3648	-550	26	43250	5	3	32	0	0	0	0	0	0	0	0	0	0	0	0	0	0	
721.867683	8	6	3	0	2	7	1	3643	-550	26	43311	5	3	32	0	0	0	0	0	0	0	0	0	0	0	0	0	0	
722.875683	8	6	3	0	2	7	1	3637	-548	26	43371	5	3	33	0	0	0	0	0	0	0	0	0	0	0	0	0	0	
723.859200	8	6	3	0	2	7	1	3632	-551	26	43430	5	3	34	0	0	0	0	0	0	0	0	0	0	0	0	0	0	
724.867200	8	6	3	0	2	7	1	3626	-551	26	43490	5	3	35	0	0	0	0	0	0	0	0	0	0	0	0	0	0	
725.869433	8	6	3	0	2	7	1	3622	-549	26	43551	5	3	36	0	0	0	0	0	0	0	0	0	0	0	0	0	0	
726.874567	8	6	3	0	2	7	1	3617	-550	26	43611	5	3	36	0	0	0	0	0	0	0	0	0	0	0	0	0	0	
727.863833	8	6	3	0	2	7	1	3613	-550	26	43670	5	3	37	0	0	0	0	0	0	0	0	0	0	0	0	0	0	
728.866083	8	6	3	0	2	7	1	3608	-549	26	43731	5	3	38	0	0	0	0	0	0	0	0	0	0	0	0	0	0	
729.872633	8	6	3	0	2	7	1	3603	-546	26	43791	5	3	39	0	0	0	0	0	0	0	0	0	0	0	0	0	0	
730.859033	8	6	3	0	2	7	1	3599	-550	26	43850	5	3	40	0	0	0	0	0	0	0	0	0	0	0	0	0	0	
731.864167	8	6	3	0	2	7	1	3594	-549	26	43910	5	3	41	0	0	0	0	0	0	0	0	0	0	0	0	0	0	
732.870717	8	6	3	0	2	7	1	3591	-548	26	43971	5	3	41	0	0	0	0	0	0	0	0	0	0	0	0	0	0	
733.877283	8	6	3	0	2	7	1	3586	-549	26	44031	5	3	42	0	0	0	0	0	0	0	0	0	0	0	0	0	0	
734.860800	8	6	3	0	2	7	1	3582	-551	26	44090	5	3	43	0	0	0	0	0	0	0	0	0	0	0	0	0	0	
735.868800	8	6	3	0	2	7	1	3578	-549	26	44150	5	3	44	0	0	0	0	0	0	0	0	0	0	0	0	0	0	
736.871033	8	6	3	0	2	7	1	3575	-550	26	44211	5	3	45	0	0	0	0	0	0	0	0	0	0	0	0	0	0	
737.858883	8	6	3	0	2	7	1	3571	-548	26	44270	5	3	46	0	0	0	0	0	0	0	0	0	0	0	0	0	0	
738.866883	8	6	3	0	2	7	1	3567	-550	26	44330	5	3	46	0	0	0	0	0	0	0	0	0	0	0	0	0	0	
739.869117	8	6	3	0	2	7	1	3563	-551	26	44391	5	3	47	0	0	0	0	0	0	0	0	0	0	0	0	0	0	
740.875683	8	6	3	0	2	7	1	3560	-549	26	44451	5	3	48	0	0	0	0	0	0	0	0	0	0	0	0	0	0	
741.860633	8	6	3	0	2	7	1	3557	-548	26	44510	5	3	49	0	0	0	0	0	0	0	0	0	0	0	0	0	0	
742.865767	8	6	3	0	2	7	1	3553	-550	26	44570	5	3	50	0	0	0	0	0	0	0	0	0	0	0	0	0	0	
743.872317	8	6	3	0	2	7	1	3550	-549	26	44631	5	3	50	0	0	0	0	0	0	0	0	0	0	0	0	0	0	
744.876000	8	6	3	0	2	7	1	3547	-551	26	44691	5	3	51	0	0	0	0	0	0	0	0	0	0	0	0	0	0	
745.863833	8	6	3	0	2	7	1	3543	-551	26	44750	5	3	52	0	0	0	0	0	0	0	0	0	0	0	0	0	0	
746.871833	8	6	3	0	2	7	1	3541	-549	26	44811	5	3	53	0	0	0	0	0	0	0	0	0	0	0	0	0	0	
747.874083	8	6	3	0	2	7	1	3537	-548	26	44871	5	3	54	0	0	0	0	0	0	0	0	0	0	0	0	0	0	
748.863367	8	6	3	0	2	7	1	3534	-549	26	44930	5	3	55	0	0	0	0	0	0	0	0	0	0	0	0	0	0	
749.865600	8	6	3	0	2	7	1	3532	-550	26	44990	5	3	55	0	0	0	0	0	0	0	0	0	0	0	0	0	0	
750.872167	8	6	3	0	2	7	1	3529	-549	26	45051	5	3	56	0	0	0	0	0	0	0	0	0	0	0	0	0	0	
751.877283	8	6	3	0	2	7	1	3526	-549	26	45111	5	3	57	0	0	0	0	0	0	0	0	0	0	0	0	0	0	
752.863683	8	6	3	0	2	7	1	3523	-550	26	45170	5	3	58	0	0	0	0	0	0	0	0	0	0	0	0	0	0	
753.873117	8	6	3	0	2	7	1	3520	-549	26	45231	5	3	59	0	0	0	0	0	0	0	0	0	0	0	0	0	0	
754.879683	8	6	3	0	2	7	1	3518	-550	26	45291	5	3	60	0	0	0	0	0	0	0	0	0	0	0	0	0	0	
755.863200	8	6	3	0	2	7	1	3516	-549	26	45350	5	3	60	0	0	0	0	0	0	0	0	0	0	0	0	0	0	
756.869767	8	6	3	0	2	7	1	3513	-548	26	45411	5	3	61	0	0	0	0	0	0	0	0	0	0	0	0	0	0	
757.877767	8	6	3	0	2	7	1	3511	-548	26	45471	5	3	62	0	0	0	0	0	0	0	0	0	0	0	0	0	0	
758.861283	8	6	3	0	2	7	1	3509	-549	26	45530	5	3	63	0	0	0	0	0	0	0	0	0	0	0	0	0	0	
759.867833	8	6	3	0	2	7	1	3506	-550	26	45590	5	3	64	0	0	0	0	0	0	0	0	0	0	0	0	0	0	
760.871517	8	6	3	0	2	7	1	3504	-550	26	45651	5	3	64	0	0	0	0	0	0	0	0	0	0	0	0	0	0	
761.878083	8	6	3	0	2	7	1	3501	-551	26	45711	5	3	65	0	0	0	0	0	0	0	0	0	0	0	0	0	0	
762.865917	8	6	3	0	2	7	1	3499	-551	26	45770	5	3	66	0	0	0	0	0	0	0	0	0	0	0	0	0	0	
763.868167	8	6	3	0	2	7	1	3496	-551	26	45830	5	3	67	0	0	0	0	0	0	0	0	0	0	0	0	0	0	
764.874717	8	6	3	0	2	7	1	3494	-548	26	45891	5	3	68	0	0	0	0	0	0	0	0	0	0	0	0	0	0	
765.861117	8	6	3	0	2	7	1	3491	-551	26	45950	5	3	69	0	0	0	0	0	0	0	0	0	0	0	0	0	0	
766.866233	8	6	3	0	2	7	1	3488	-547	26	46010	5	3	69	0	0	0	0	0	0	0	0	0	0	0	0	0	0	
767.872800	8	6	3	0	2	7	1	3485	-551	26	46071	5	3	70	0	0	0	0	0	0	0	0	0	0	0	0	0	0	
768.876483	8	6	3	0	2	7	1	3481	-550	26	46131	5	3	71	0	0	0	0	0	0	0	0	0	0	0	0	0	0	
769.864317	8	6	3	0	2	7	1	3477	-550	26	46190	5	3	72	0	0	0	0	0	0	0	0	0	0	0	0	0	0	
770.870883	8	6	3	0	2	7	1	3473	-550	26	46250	5	3	73	0	0	0	0	0	0	0	0	0	0	0	0	0	0	
771.874567	8	6	3	0	2	7	1	3470	-549	26	46311	5	3	74	0	0	0	0	0	0	0	0	0	0	0	0	0	0	
772.860967	8	6	3	0	2	7	1	3465	-550	26	46370	5	3	74	0	0	0	0	0	0	0	0	0	0	0	0	0	0	
773.866083	8	6	3	0	2	7	1	3460	-549	26	46430	5	3	75	0	0	0	0	0	0	0	0	0	0	0	0	0	0	
774.872633	8	6	3	0	2	7	1	3455	-549	26	46491	5	3	76	0	0	0	0	0	0	0	0	0	0	0	0	0	0	
775.879200	8	6	3	0	2	7	1	3450	-550	26	46551	5	3	77	0	0	0	0	0	0	0	0	0	0	0	0	0	0	
776.864167	8	6	3	0	2	7	1	3445	-551	26	46610	5	3	78	0	0	0	0	0	0	0	0	0	0	0	0	0	0	
777.870717	8	6	3	0	2	7	1	3440	-550	26	46670	5	3	79	0	0	0	0	0	0	0	0	0	0	0	0	0	0	
778.877283	8	6	3	0	2	7	1	3435	-549	26	46731	5	3	79	0	0	0	0	0	0	0	0	0	0	0	0	0	0	
779.862233	8	6	3	0	2	7	1	3431	-551	26	46790	5	3	80	0	0	0	0	0	0	0	0	0	0	0	0	0	0	
780.867367	8	6	3	0	2	7	1	3426	-550	26	46850	5	3	81	0	0	0	0	0	0	0	0	0	0	0	0	0	0	
781.875367	8	6	3	0	2	7	1	3421	-548	26	46911	5	3	82	0	0	0	0	0	0	0	0	0	0	0	0	0	0	
782.877600	8	6	3	0	2	7	1	3416	-550	26	46971	5	3	83	0	0	0	0	0	0	0	0	0	0	0	0	0	0	
783.865433	8	6	3	0	2	7	1	3410	-550	26	47030	5	3	84	0	0	0	0	0	0	0	0	0	0	0	0	0	0	
784.869117	8	6	3	0	2	7	1	3403	-550	26	47090	5	3	84	0	0	0	0	0	0	0	0	0	0	0	0	0	0	
785.875683	8	6	3	0	2	7	1	3394	-548	26	47151	5	3	85	0	0	0	0	0	0	0	0	0	0	0	0	0	0	
786.864967	8	6	3	0	2	7	1	3382	-548	26	47210	5	3	86	0	0	0	0	0	0	0	0	0	0	0	0	0	0	
787.867200	8	6	3	0	2	7	1	3366	-549	26	47270	5	3	87	0	0	0	0	0	0	0	0	0	0	0	0	0	0	
788.872317	8	6	3	0	2	7	1	3341	-550	26	47331	5	3	88	0	0	0	0	0	0	0	0	0	0	0	0	0	0	
789.878883	8	6	3	0	2	7	1	3306	-549	26	47391	5	3	88	0	0	0	0	0	0	0	0	0	0	0	0	0	0	
790.865283	8	6	3	0	2	7	1	3258	-550	26	47450	5	3	89	0	0	0	0	0	0	0	0	0	0	0	0	0	0	
791.870400	8	6	3	0	2	7	1	3192	-551	26	47510	5	3	90	0	0	0	0	0	0	0	0	0	0	0	0	0	0	
792.878400	8	6	3	0	2	7	1	3098	-550	26	47571	5	3	91	0	0	0	0	0	0	0	0	0	0	0	0	0	0	
793.880633	8	6	3	0	2	7	1	2951	-548	26	47631	5	3	92	0	0	0	0	0	0	0	0	0	0	0	0	0	0	
794.691367	8	15	3	0	1	31	2	2962	54	26	47680	6	3	92	0	0	0	0	0	0	0	0	0	0	0	0	0	0	
794.712967	8	4	3	0	1	3	2	2996	55	26	47681	6	3	92	0	0	0	0	0	0	0	0	0	0	0	0	0	0	
794.733117	8	3	3	0	1	2	2	3255	552	26	47682	7	3	92	0	0	0	0	0	0	0	0	0	0	0	0	0	0	
794.872800	8	3	3	0	1	2	2	3402	549	26	47691	7	3	92	0	0	0	0	0	0	0	0	0	0	0	0	0	0	
795.876483	8	3	3	0	1	2	2	3643	550	26	47751	7	3	92	0	0	0	0	0	0	0	0	0	0	0	0	0	0	
796.864317	8	3	3	0	1	2	2	3742	550	26	47810	7	3	92	0	0	0	0	0	0	0	0	0	0	0	0	0	0	
797.872317	8	3	3	0	1	2	2	3808	549	26	47870	7	3	92	0	0	0	0	0	0	0	0	0	0	0	0	0	0	
798.874567	8	3	3	0	1	2	2	3857	549	26	47931	7	3	92	0	0	0	0	0	0	0	0	0	0	0	0	0	0	
799.879683	8	3	3	0	1	2	2	3895	549	26	47991	7	3	92	0	0	0	0	0	0	0	0	0	0	0	0	0	0	
800.866083	8	3	3	0	1	2	2	3917	550	26	48050	7	3	92	0	0	0	0	0	0	0	0	0	0	0	0	0	0	
801.871200	8	3	3	0	1	2	2	3926	549	26	48110	7	3	92	0	0	0	0	0	0	0	0	0	0	0	0	0	0	
802.877767	8	3	3	0	1	2	2	3930	550	26	48171	7	3	92	0	0	0	0	0	0	0	0	0	0	0	0	0	0	
803.864167	8	3	3	0	1	2	2	3935	549	26	48230	7	3	92	0	0	0	0	0	0	0	0	0	0	0	0	0	0	
804.869283	8	3	3	0	1	2	2	3940	550	26	48290	7	3	92	0	0	0	0	0	0	0	0	0	0	0	0	0	0	
805.877283	8	3	3	0	1	2	2	3945	550	26	48351	7	3	92	0	0	0	0	0	0	0	0	0	0	0	0	0	0	
806.879517	8	3	3	0	1	2	2	3949	549	26	48411	7	3	92	0	0	0	0	0	0	0	0	0	0	0	0	0	0	
807.867367	8	3	3	0	1	2	2	3954	550	26	48470	7	3	92	0	0	0	0	0	0	0	0	0	0	0	0	0	0	
808.873917	8	3	3	0	1	2	2	3958	549	26	48530	7	3	92	0	0	0	0	0	0	0	0	0	0	0	0	0	0	
809.876167	8	3	3	0	1	2	2	3963	549	26	48591	7	3	92	0	0	0	0	0	0	0	0	0	0	0	0	0	0	
810.865433	8	3	3	0	1	2	2	3969	549	26	48650	7	3	92	0	0	0	0	0	0	0	0	0	0	0	0	0	0	
811.869117	8	3	3	0	1	2	2	3974	549	26	48710	7	3	92	0	0	0	0	0	0	0	0	0	0	0	0	0	0	
812.874233	8	3	3	0	1	2	2	3980	549	26	48771	7	3	92	0	0	0	0	0	0	0	0	0	0	0	0	0	0	
813.880800	8	3	3	0	1	2	2	3987	549	26	48831	7	3	92	0	0	0	0	0	0	0	0	0	0	0	0	0	0	
814.865767	8	3	3	0	1	2	2	3994	550	26	48890	7	3	92	0	0	0	0	0	0	0	0	0	0	0	0	0	0	
815.872317	8	3	3	0	1	2	2	4000	550	26	48950	7	3	92	0	0	0	0	0	0	0	0	0	0	0	0	0	0	
816.878883	8	3	3	0	1	2	2	4006	549	26	49011	7	3	92	0	0	0	0	0	0	0	0	0	0	0	0	0	0	
817.881117	8	3	3	0	1	2	2	4012	550	26	49071	7	3	92	0	0	0	0	0	0	0	0	0	0	0	0	0	0	
818.868967	8	3	3	0	1	2	2	4017	550	26	49130	7	3	92	0	0	0	0	0	0	0	0	0	0	0	0	0	0	
819.874083	8	3	3	0	1	2	2	4022	549	26	49191	7	3	92	0	0	0	0	0	0	0	0	0	0	0	0	0	0	
820.879200	8	3	3	0	1	2	2	4026	549	26	49251	7	3	92	0	0	0	0	0	0	0	0	0	0	0	0	0	0	
821.868483	8	3	3	0	1	2	2	4030	549	26	49310	7	3	92	0	0	0	0	0	0	0	0	0	0	0	0	0	0	
822.870717	8	3	3	0	1	2	2	4033	550	26	49370	7	3	92	0	0	0	0	0	0	0	0	0	0	0	0	0	0	
823.877283	8	3	3	0	1	2	2	4037	550	26	49431	7	3	92	0	0	0	0	0	0	0	0	0	0	0	0	0	0	
824.882400	8	3	3	0	1	2	2	4038	550	26	49491	7	3	92	0	0	0	0	0	0	0	0	0	0	0	0	0	0	
825.868800	8	3	3	0	1	2	2	4041	549	26	49550	7	3	92	0	0	0	0	0	0	0	0	0	0	0	0	0	0	
826.873917	8	3	3	0	1	2	2	4043	549	26	49610	7	3	92	0	0	0	0	0	0	0	0	0	0	0	0	0	0	
827.881917	8	3	3	0	1	2	2	4045	550	26	49671	7	3	92	0	0	0	0	0	0	0	0	0	0	0	0	0	0	
828.865433	8	3	3	0	1	2	2	4047	550	26	49730	7	3	92	0	0	0	0	0	0	0	0	0	0	0	0	0	0	
829.872000	8	3	3	0	1	2	2	4050	551	26	49790	7	3	92	0	0	0	0	0	0	0	0	0	0	0	0	0	0	
830.875683	8	3	3	0	1	2	2	4052	550	26	49851	7	3	92	0	0	0	0	0	0	0	0	0	0	0	0	0	0	
831.882233	8	3	3	0	1	2	2	4054	550	26	49911	7	3	92	0	0	0	0	0	0	0	0	0	0	0	0	0	0	
832.871517	8	3	3	0	1	2	2	4056	549	26	49970	7	3	92	0	0	0	0	0	0	0	0	0	0	0	0	0	0	
833.873767	8	3	3	0	1	2	2	4058	550	26	50030	7	3	92	0	0	0	0	0	0	0	0	0	0	0	0	0	0	
834.878883	8	3	3	0	1	2	2	4061	549	26	50091	7	3	92	0	0	0	0	0	0	0	0	0	0	0	0	0	0	
835.865283	8	3	3	0	1	2	2	4063	549	26	50150	7	3	92	0	0	0	0	0	0	0	0	0	0	0	0	0	0	
836.870400	8	3	3	0	1	2	2	4066	550	26	50210	7	3	92	0	0	0	0	0	0	0	0	0	0	0	0	0	0	
837.876967	8	3	3	0	1	2	2	4069	550	26	50271	7	3	92	0	0	0	0	0	0	0	0	0	0	0	0	0	0	
838.880633	8	3	3	0	1	2	2	4071	550	26	50331	7	3	92	0	0	0	0	0	0	0	0	0	0	0	0	0	0	
839.868483	8	3	3	0	1	2	2	4074	550	26	50390	7	3	92	0	0	0	0	0	0	0	0	0	0	0	0	0	0	
840.876483	8	3	3	0	1	2	2	4077	550	26	50450	7	3	92	0	0	0	0	0	0	0	0	0	0	0	0	0	0	
841.878717	8	3	3	0	1	2	2	4080	549	26	50511	7	3	92	0	0	0	0	0	0	0	0	0	0	0	0	0	0	
842.883833	8	3	3	0	1	2	2	4083	549	26	50571	7	3	92	0	0	0	0	0	0	0	0	0	0	0	0	0	0	
843.873117	8	3	3	0	1	2	2	4086	550	26	50630	7	3	92	0	0	0	0	0	0	0	0	0	0	0	0	0	0	
844.879683	8	3	3	0	1	2	2	4088	549	26	50691	7	3	92	0	0	0	0	0	0	0	0	0	0	0	0	0	0	
845.884800	8	3	3	0	1	2	2	4092	549	26	50751	7	3	92	0	0	0	0	0	0	0	0	0	0	0	0	0	0	
846.871200	8	3	3	0	1	2	2	4095	550	26	50810	7	3	92	0	0	0	0	0	0	0	0	0	0	0	0	0	0	
847.876317	8	3	3	0	1	2	2	4098	550	26	50871	7	3	92	0	0	0	0	0	0	0	0	0	0	0	0	0	0	
848.882883	8	3	3	0	1	2	2	4102	549	26	50931	7	3	92	0	0	0	0	0	0	0	0	0	0	0	0	0	0	
849.867833	8	3	3	0	1	2	2	4105	549	26	50990	7	3	92	0	0	0	0	0	0	0	0	0	0	0	0	0	0	
850.874400	8	3	3	0	1	2	2	4108	550	26	51050	7	3	92	0	0	0	0	0	0	0	0	0	0	0	0	0	0	
851.879517	8	3	3	0	1	2	2	4112	550	26	51111	7	3	92	0	0	0	0	0	0	0	0	0	0	0	0	0	0	
852.887517	8	3	3	0	1	2	2	4116	550	26	51171	7	3	92	0	0	0	0	0	0	0	0	0	0	0	0	0	0	
853.871033	8	3	3	0	1	2	2	4117	543	26	51230	7	3	92	0	0	0	0	0	0	0	0	0	0	0	0	0	0	
854.877600	8	3	3	0	1	2	2	4120	543	26	51291	7	3	92	0	0	0	0	0	0	0	0	0	0	0	0	0	0	
855.885600	8	3	3	0	1	2	2	4123	542	26	51351	7	3	92	0	0	0	0	0	0	0	0	0	0	0	0	0	0	
856.869117	8	3	3	0	1	2	2	4127	542	26	51410	7	3	92	0	0	0	0	0	0	0	0	0	0	0	0	0	0	
857.874233	8	3	3	0	1	2	2	4130	541	26	51470	7	3	92	0	0	0	0	0	0	0	0	0	0	0	0	0	0	
858.879367	8	3	3	0	1	2	2	4134	539	26	51531	7	3	92	0	0	0	0	0	0	0	0	0	0	0	0	0	0	
859.884483	8	3	3	0	1	2	2	4138	540	26	51591	7	3	92	0	0	0	0	0	0	0	0	0	0	0	0	0	0	
860.873767	8	3	3	0	1	2	2	4141	538	26	51650	7	3	92	0	0	0	0	0	0	0	0	0	0	0	0	0	0	
861.876000	8	3	3	0	1	2	2	4145	538	26	51711	7	3	92	0	0	0	0	0	0	0	0	0	0	0	0	0	0	
862.882567	8	3	3	0	1	2	2	4150	538	26	51771	7	3	92	0	0	0	0	0	0	0	0	0	0	0	0	0	0	
863.871833	8	3	3	0	1	2	2	4154	537	26	51830	7	3	92	0	0	0	0	0	0	0	0	0	0	0	0	0	0	
864.874083	8	3	3	0	1	2	2	4158	537	26	51890	7	3	92	0	0	0	0	0	0	0	0	0	0	0	0	0	0	
865.879200	8	3	3	0	1	2	2	4163	537	26	51951	7	3	92	0	0	0	0	0	0	0	0	0	0	0	0	0	0	
866.885767	8	3	3	0	1	2	2	4167	536	25	52011	7	3	92	0	0	0	0	0	0	0	0	0	0	0	0	0	0	
867.870717	8	3	3	0	1	2	2	4171	534	26	52070	7	3	92	0	0	0	0	0	0	0	0	0	0	0	0	0	0	
868.877283	8	3	3	0	1	2	2	4176	535	26	52130	7	3	92	0	0	0	0	0	0	0	0	0	0	0	0	0	0	
869.882400	8	3	3	0	1	2	2	4181	535	26	52191	7	3	92	0	0	0	0	0	0	0	0	0	0	0	0	0	0	
870.868800	8	3	3	0	1	2	2	4185	535	26	52250	7	3	92	0	0	0	0	0	0	0	0	0	0	0	0	0	0	
871.875367	8	3	3	0	1	2	2	4190	534	25	52310	7	3	92	0	0	0	0	0	0	0	0	0	0	0	0	0	0	
872.881917	8	3	3	0	1	2	2	4195	533	26	52371	7	3	92	0	0	0	0	0	0	0	0	0	0	0	0	0	0	
873.884167	8	3	3	0	1	2	2	4200	532	25	52431	7	3	92	0	0	0	0	0	0	0	0	0	0	0	0	0	0	
874.872000	8	3	3	0	1	2	2	4204	530	25	52490	7	3	92	0	0	0	0	0	0	0	0	0	0	0	0	0	0	
875.880000	8	3	3	0	1	2	2	4204	517	25	52550	7	3	92	0	0	0	0	0	0	0	0	0	0	0	0	0	0	
876.882233	8	3	3	0	1	2	2	4204	505	25	52611	7	3	92	0	0	0	0	0	0	0	0	0	0	0	0	0	0	
877.870083	8	3	3	0	1	2	2	4204	494	25	52670	7	3	92	0	0	0	0	0	0	0	0	0	0	0	0	0	0	
878.876633	8	3	3	0	1	2	2	4204	482	25	52730	7	3	92	0	0	0	0	0	0	0	0	0	0	0	0	0	0	
879.880317	8	3	3	0	1	2	2	4204	471	25	52791	7	3	92	0	0	0	0	0	0	0	0	0	0	0	0	0	0	
880.885433	8	3	3	0	1	2	2	4204	460	25	52851	7	3	92	0	0	0	0	0	0	0	0	0	0	0	0	0	0	
881.871833	8	3	3	0	1	2	2	4204	448	25	52910	7	3	92	0	0	0	0	0	0	0	0	0	0	0	0	0	0	
882.876967	8	3	3	0	1	2	2	4204	437	25	52970	7	3	92	0	0	0	0	0	0	0	0	0	0	0	0	0	0	
883.883517	8	3	3	0	1	2	2	4204	426	25	53031	7	3	92	0	0	0	0	0	0	0	0	0	0	0	0	0	0	
884.868483	8	3	3	0	1	2	2	4204	416	25	53090	7	3	92	0	0	0	0	0	0	0	0	0	0	0	0	0	0	
885.875033	8	3	3	0	1	2	2	4204	406	25	53150	7	3	92	0	0	0	0	0	0	0	0	0	0	0	0	0	0	
886.880167	8	3	3	0	1	2	2	4204	396	25	53211	7	3	92	0	0	0	0	0	0	0	0	0	0	0	0	0	0	
887.888167	8	3	3	0	1	2	2	4204	386	25	53271	7	3	92	0	0	0	0	0	0	0	0	0	0	0	0	0	0	
888.876000	8	3	3	0	1	2	2	4204	376	25	53330	7	3	92	0	0	0	0	0	0	0	0	0	0	0	0	0	0	
889.881117	8	3	3	0	1	2	2	4204	366	25	53391	7	3	92	0	0	0	0	0	0	0	0	0	0	0	0	0	0	
890.887683	8	3	3	0	1	2	2	4204	356	25	53451	7	3	92	0	0	0	0	0	0	0	0	0	0	0	0	0	0	
891.872633	8	3	3	0	1	2	2	4204	347	25	53510	7	3	92	0	0	0	0	0	0	0	0	0	0	0	0	0	0	
892.879200	8	3	3	0	1	2	2	4204	338	25	53570	7	3	92	0	0	0	0	0	0	0	0	0	0	0	0	0	0	
893.885767	8	3	3	0	1	2	2	4204	328	25	53631	7	3	92	0	0	0	0	0	0	0	0	0	0	0	0	0	0	
894.870717	8	3	3	0	1	2	2	4204	319	25	53690	7	3	92	0	0	0	0	0	0	0	0	0	0	0	0	0	0	
895.875833	8	3	3	0	1	2	2	4204	311	25	53750	7	3	92	0	0	0	0	0	0	0	0	0	0	0	0	0	0	
896.883833	8	3	3	0	1	2	2	4204	304	25	53811	7	3	92	0	0	0	0	0	0	0	0	0	0	0	0	0	0	
897.886083	8	3	3	0	1	2	2	4204	295	25	53871	7	3	92	0	0	0	0	0	0	0	0	0	0	0	0	0	0	
898.873917	8	3	3	0	1	2	2	4204	287	25	53930	7	3	92	0	0	0	0	0	0	0	0	0	0	0	0	0	0	
899.877600	8	3	3	0	1	2	2	4204	279	25	53990	7	3	92	0	0	0	0	0	0	0	0	0	0	0	0	0	0	
900.884167	8	3	3	0	1	2	2	4204	271	25	54051	7	3	92	0	0	0	0	0	0	0	0	0	0	0	0	0	0	
901.889283	8	3	3	0	1	2	2	4204	264	25	54111	7	3	92	0	0	0	0	0	0	0	0	0	0	0	0	0	0	
902.875683	8	3	3	0	1	2	2	4204	257	25	54170	7	3	92	0	0	0	0	0	0	0	0	0	0	0	0	0	0	
903.880800	8	3	3	0	1	2	2	4204	251	25	54231	7	3	92	0	0	0	0	0	0	0	0	0	0	0	0	0	0	
904.887367	8	3	3	0	1	2	2	4204	243	25	54291	7	3	92	0	0	0	0	0	0	0	0	0	0	0	0	0	0	
905.872317	8	3	3	0	1	2	2	4204	237	25	54350	7	3	92	0	0	0	0	0	0	0	0	0	0	0	0	0	0	
906.878883	8	3	3	0	1	2	2	4204	230	25	54410	7	3	92	0	0	0	0	0	0	0	0	0	0	0	0	0	0	
907.886883	8	3	3	0	1	2	2	4204	224	25	54471	7	3	92	0	0	0	0	0	0	0	0	0	0	0	0	0	0	
908.889117	8	3	3	0	1	2	2	4204	217	25	54531	7	3	92	0	0	0	0	0	0	0	0	0	0	0	0	0	0	
909.875517	8	3	3	0	1	2	2	4204	212	25	54590	7	3	92	0	0	0	0	0	0	0	0	0	0	0	0	0	0	
910.883517	8	3	3	0	1	2	2	4204	206	25	54651	7	3	92	0	0	0	0	0	0	0	0	0	0	0	0	0	0	
911.885767	8	3	3	0	1	2	2	4204	200	25	54711	7	3	92	0	0	0	0	0	0	0	0	0	0	0	0	0	0	
912.873600	8	3	3	0	1	2	2	4204	196	25	54770	7	3	92	0	0	0	0	0	0	0	0	0	0	0	0	0	0	
913.881600	8	3	3	0	1	2	2	4204	189	25	54830	7	3	92	0	0	0	0	0	0	0	0	0	0	0	0	0	0	
914.883833	8	3	3	0	1	2	2	4204	184	25	54891	7	3	92	0	0	0	0	0	0	0	0	0	0	0	0	0	0	
915.888967	8	3	3	0	1	2	2	4204	180	25	54951	7	3	92	0	0	0	0	0	0	0	0	0	0	0	0	0	0	
916.875367	8	3	3	0	1	2	2	4204	174	25	55010	7	3	92	0	0	0	0	0	0	0	0	0	0	0	0	0	0	
917.880483	8	3	3	0	1	2	2	4204	169	25	55070	7	3	92	0	0	0	0	0	0	0	0	0	0	0	0	0	0	
918.887033	8	3	3	0	1	2	2	4204	164	25	55131	7	3	92	0	0	0	0	0	0	0	0	0	0	0	0	0	0	
919.872000	8	3	3	0	1	2	2	4204	160	25	55190	7	3	92	0	0	0	0	0	0	0	0	0	0	0	0	0	0	
920.878567	8	3	3	0	1	2	2	4204	156	25	55250	7	3	92	0	0	0	0	0	0	0	0	0	0	0	0	0	0	
921.885117	8	3	3	0	1	2	2	4204	151	25	55311	7	3	92	0	0	0	0	0	0	0	0	0	0	0	0	0	0	
922.888800	8	3	3	0	1	2	2	4204	147	25	55371	7	3	92	0	0	0	0	0	0	0	0	0	0	0	0	0	0	
923.876633	8	3	3	0	1	2	2	4204	143	25	55430	7	3	92	0	0	0	0	0	0	0	0	0	0	0	0	0	0	
924.883200	8	3	3	0	1	2	2	4204	138	25	55490	7	3	92	0	0	0	0	0	0	0	0	0	0	0	0	0	0	
925.885433	8	3	3	0	1	2	2	4204	135	25	55551	7	3	92	0	0	0	0	0	0	0	0	0	0	0	0	0	0	
926.873283	8	3	3	0	1	2	2	4204	132	25	55610	7	3	92	0	0	0	0	0	0	0	0	0	0	0	0	0	0	
927.881283	8	3	3	0	1	2	2	4204	127	25	55670	7	3	92	0	0	0	0	0	0	0	0	0	0	0	0	0	0	
928.883517	8	3	3	0	1	2	2	4204	124	25	55731	7	3	92	0	0	0	0	0	0	0	0	0	0	0	0	0	0	
929.890083	8	3	3	0	1	2	2	4204	120	25	55791	7	3	92	0	0	0	0	0	0	0	0	0	0	0	0	0	0	
930.875033	8	3	3	0	1	2	2	4204	116	25	55850	7	3	92	0	0	0	0	0	0	0	0	0	0	0	0	0	0	
931.881600	8	3	3	0	1	2	2	4204	113	25	55910	7	3	92	0	0	0	0	0	0	0	0	0	0	0	0	0	0	
932.886717	8	3	3	0	1	2	2	4204	110	25	55971	7	3	92	0	0	0	0	0	0	0	0	0	0	0	0	0	0	
933.894717	8	3	3	0	1	2	2	4204	108	25	56031	7	3	92	0	0	0	0	0	0	0	0	0	0	0	0	0	0	
934.878233	8	3	3	0	1	2	2	4204	105	25	56090	7	3	92	0	0	0	0	0	0	0	0	0	0	0	0	0	0	
935.884800	8	3	3	0	1	2	2	4204	102	25	56151	7	3	92	0	0	0	0	0	0	0	0	0	0	0	0	0	0	
936.888483	8	3	3	0	1	2	2	4204	98	25	56211	7	3	92	0	0	0	0	0	0	0	0	0	0	0	0	0	0	
937.876317	8	3	3	0	1	2	2	4204	96	25	56270	7	3	92	0	0	0	0	0	0	0	0	0	0	0	0	0	0	
938.882883	8	3	3	0	1	2	2	4204	93	25	56330	7	3	92	0	0	0	0	0	0	0	0	0	0	0	0	0	0	
939.886567	8	3	3	0	1	2	2	4204	90	25	56391	7	3	92	0	0	0	0	0	0	0	0	0	0	0	0	0	0	
940.891683	8	3	3	0	1	2	2	4204	88	25	56451	7	3	92	0	0	0	0	0	0	0	0	0	0	0	0	0	0	
941.880967	8	3	3	0	1	2	2	4204	86	25	56510	7	3	92	0	0	0	0	0	0	0	0	0	0	0	0	0	0	
942.883200	8	3	3	0	1	2	2	4204	83	25	56571	7	3	92	0	0	0	0	0	0	0	0	0	0	0	0	0	0	
943.889767	8	3	3	0	1	2	2	4204	81	25	56631	7	3	92	0	0	0	0	0	0	0	0	0	0	0	0	0	0	
944.874717	8	3	3	0	1	2	2	4204	78	25	56690	7	3	92	0	0	0	0	0	0	0	0	0	0	0	0	0	0	
945.881283	8	3	3	0	1	2	2	4204	77	25	56750	7	3	92	0	0	0	0	0	0	0	0	0	0	0	0	0	0	
946.886400	8	3	3	0	1	2	2	4204	74	25	56811	7	3	92	0	0	0	0	0	0	0	0	0	0	0	0	0	0	
947.894400	8	3	3	0	1	2	2	4204	71	25	56871	7	3	92	0	0	0	0	0	0	0	0	0	0	0	0	0	0	
948.877917	8	3	3	0	1	2	2	4204	71	25	56930	7	3	92	0	0	0	0	0	0	0	0	0	0	0	0	0	0	
949.884483	8	3	3	0	1	2	2	4204	68	25	56990	7	3	92	0	0	0	0	0	0	0	0	0	0	0	0	0	0	
950.888167	8	3	3	0	1	2	2	4204	67	25	57051	7	3	92	0	0	0	0	0	0	0	0	0	0	0	0	0	0	
951.876000	8	3	3	0	1	2	2	4204	65	25	57110	7	3	92	0	0	0	0	0	0	0	0	0	0	0	0	0	0	
952.884000	8	3	3	0	1	2	2	4204	63	25	57170	7	3	92	0	0	0	0	0	0	0	0	0	0	0	0	0	0	
953.886233	8	3	3	0	1	2	2	4204	61	25	57231	7	3	92	0	0	0	0	0	0	0	0	0	0	0	0	0	0	
954.891367	8	3	3	0	1	2	2	4204	60	25	57291	7	3	92	0	0	0	0	0	0	0	0	0	0	0	0	0	0	
955.877767	8	3	3	0	1	2	2	4204	57	25	57350	7	3	92	0	0	0	0	0	0	0	0	0	0	0	0	0	0	
956.882883	8	3	3	0	1	2	2	4204	57	25	57410	7	3	92	0	0	0	0	0	0	0	0	0	0	0	0	0	0	
957.695033	8	6	3	0	2	7	1	3969	-549	25	57459	7	4	0	0	0	0	0	0	0	0	0	0	0	0	0	0	0	
957.890883	8	6	3	0	2	7	1	3954	-550	25	57471	7	4	0	0	0	0	0	0	0	0	0	0	0	0	0	0	0	
958.877283	8	6	3	0	2	7	1	3924	-548	25	57530	7	4	0	0	0	0	0	0	0	0	0	0	0	0	0	0	0	
959.882400	8	6	3	0	2	7	1	3908	-550	25	57590	7	4	1	0	0	0	0	0	0	0	0	0	0	0	0	0	0	
960.888967	8	6	3	0	2	7	1	3898	-550	25	57651	7	4	2	0	0	0	0	0	0	0	0	0	0	0	0	0	0	
961.892633	8	6	3	0	2	7	1	3889	-549	25	57711	7	4	3	0	0	0	0	0	0	0	0	0	0	0	0	0	0	
962.880483	8	6	3	0	2	7	1	3880	-549	25	57770	7	4	4	0	0	0	0	0	0	0	0	0	0	0	0	0	0	
963.887033	8	6	3	0	2	7	1	3871	-549	25	57830	7	4	5	0	0	0	0	0	0	0	0	0	0	0	0	0	0	
964.889283	8	6	3	0	2	7	1	3863	-549	25	57891	7	4	5	0	0	0	0	0	0	0	0	0	0	0	0	0	0	
965.878567	8	6	3	0	2	7	1	3855	-549	25	57950	7	4	6	0	0	0	0	0	0	0	0	0	0	0	0	0	0	
966.882233	8	6	3	0	2	7	1	3848	-549	25	58010	7	4	7	0	0	0	0	0	0	0	0	0	0	0	0	0	0	
967.887367	8	6	3	0	2	7	1	3840	-550	25	58071	7	4	8	0	0	0	0	0	0	0	0	0	0	0	0	0	0	
968.893917	8	6	3	0	2	7	1	3832	-553	25	58131	7	4	9	0	0	0	0	0	0	0	0	0	0	0	0	0	0	
969.878883	8	6	3	0	2	7	1	3825	-548	25	58190	7	4	10	0	0	0	0	0	0	0	0	0	0	0	0	0	0	
970.885433	8	6	3	0	2	7	1	3817	-550	25	58250	7	4	10	0	0	0	0	0	0	0	0	0	0	0	0	0	0	
971.892000	8	6	3	0	2	7	1	3810	-548	25	58311	7	4	11	0	0	0	0	0	0	0	0	0	0	0	0	0	0	
972.876967	8	6	3	0	2	7	1	3802	-551	25	58370	7	4	12	0	0	0	0	0	0	0	0	0	0	0	0	0	0	
973.882083	8	6	3	0	2	7	1	3796	-548	25	58430	7	4	13	0	0	0	0	0	0	0	0	0	0	0	0	0	0	
974.890083	8	6	3	0	2	7	1	3788	-550	25	58491	7	4	14	0	0	0	0	0	0	0	0	0	0	0	0	0	0	
975.892317	8	6	3	0	2	7	1	3781	-549	25	58551	7	4	14	0	0	0	0	0	0	0	0	0	0	0	0	0	0	
976.881600	8	6	3	0	2	7	1	3774	-550	25	58610	7	4	15	0	0	0	0	0	0	0	0	0	0	0	0	0	0	
977.883833	8	6	3	0	2	7	1	3766	-547	25	58670	7	4	16	0	0	0	0	0	0	0	0	0	0	0	0	0	0	
978.890400	8	6	3	0	2	7	1	3759	-549	25	58731	7	4	17	0	0	0	0	0	0	0	0	0	0	0	0	0	0	
979.896967	8	6	3	0	2	7	1	3752	-550	25	58791	7	4	18	0	0	0	0	0	0	0	0	0	0	0	0	0	0	
980.884800	8	6	3	0	2	7	1	3745	-548	25	58850	7	4	19	0	0	0	0	0	0	0	0	0	0	0	0	0	0	
981.891367	8	6	3	0	2	7	1	3739	-547	25	58911	7	4	19	0	0	0	0	0	0	0	0	0	0	0	0	0	0	
982.897917	8	6	3	0	2	7	1	3732	-551	25	58971	7	4	20	0	0	0	0	0	0	0	0	0	0	0	0	0	0	
983.882883	8	6	3	0	2	7	1	3725	-550	25	59030	7	4	21	0	0	0	0	0	0	0	0	0	0	0	0	0	0	
984.888000	8	6	3	0	2	7	1	3719	-549	25	59091	7	4	22	0	0	0	0	0	0	0	0	0	0	0	0	0	0	
985.891683	8	6	3	0	2	7	1	3712	-548	25	59151	7	4	23	0	0	0	0	0	0	0	0	0	0	0	0	0	0	
986.879517	8	6	3	0	2	7	1	3705	-548	25	59210	7	4	24	0	0	0	0	0	0	0	0	0	0	0	0	0	0	
987.887517	8	6	3	0	2	7	1	3699	-549	25	59270	7	4	24	0	0	0	0	0	0	0	0	0	0	0	0	0	0	
988.889767	8	6	3	0	2	7	1	3692	-548	25	59331	7	4	25	0	0	0	0	0	0	0	0	0	0	0	0	0	0	
989.896317	8	6	3	0	2	7	1	3686	-550	25	59391	7	4	26	0	0	0	0	0	0	0	0	0	0	0	0	0	0	
990.881283	8	6	3	0	2	7	1	3679	-550	25	59450	7	4	27	0	0	0	0	0	0	0	0	0	0	0	0	0	0	
991.887833	8	6	3	0	2	7	1	3674	-548	25	59511	7	4	28	0	0	0	0	0	0	0	0	0	0	0	0	0	0	
992.892967	8	6	3	0	2	7	1	3667	-550	25	59571	7	4	28	0	0	0	0	0	0	0	0	0	0	0	0	0	0	
993.879367	8	6	3	0	2	7	1	3661	-549	25	59630	7	4	29	0	0	0	0	0	0	0	0	0	0	0	0	0	0	
994.884483	8	6	3	0	2	7	1	3655	-550	25	59690	7	4	30	0	0	0	0	0	0	0	0	0	0	0	0	0	0	
995.892483	8	6	3	0	2	7	1	3649	-550	25	59751	7	4	31	0	0	0	0	0	0	0	0	0	0	0	0	0	0	
996.894717	8	6	3	0	2	7	1	3643	-549	25	59811	7	4	32	0	0	0	0	0	0	0	0	0	0	0	0	0	0	
997.882567	8	6	3	0	2	7	1	3638	-549	25	59870	7	4	33	0	0	0	0	0	0	0	0	0	0	0	0	0	0	
998.886233	8	6	3	0	2	7	1	3632	-551	25	59930	7	4	33	0	0	0	0	0	0	0	0	0	0	0	0	0	0	
999.892800	8	6	3	0	2	7	1	3627	-550	25	59991	7	4	34	0	0	0	0	0	0	0	0	0	0	0	0	0	0	
1000.880633	8	6	3	0	2	7	1	3622	-550	25	60050	7	4	35	0	0	0	0	0	0	0	0	0	0	0	0	0	0	
1001.884317	8	6	3	0	2	7	1	3617	-550	25	60110	7	4	36	0	0	0	0	0	0	0	0	0	0	0	0	0	0	
1002.889433	8	6	3	0	2	7	1	3612	-550	25	60171	7	4	37	0	0	0	0	0	0	0	0	0	0	0	0	0	0	
1003.897433	8	6	3	0	2	7	1	3608	-550	25	60231	7	4	38	0	0	0	0	0	0	0	0	0	0	0	0	0	0	
1004.880967	8	6	3	0	2	7	1	3603	-548	25	60290	7	4	38	0	0	0	0	0	0	0	0	0	0	0	0	0	0	
1005.887517	8	6	3	0	2	7	1	3599	-551	25	60350	7	4	39	0	0	0	0	0	0	0	0	0	0	0	0	0	0	
1006.891200	8	6	3	0	2	7	1	3595	-549	25	60411	7	4	40	0	0	0	0	0	0	0	0	0	0	0	0	0	0	
1007.897767	8	6	3	0	2	7	1	3590	-549	25	60471	7	4	41	0	0	0	0	0	0	0	0	0	0	0	0	0	0	
1008.885600	8	6	3	0	2	7	1	3586	-550	25	60530	7	4	42	0	0	0	0	0	0	0	0	0	0	0	0	0	0	
1009.889283	8	6	3	0	2	7	1	3582	-550	25	60591	7	4	43	0	0	0	0	0	0	0	0	0	0	0	0	0	0	
1010.894400	8	6	3	0	2	7	1	3578	-549	25	60651	7	4	43	0	0	0	0	0	0	0	0	0	0	0	0	0	0	
1011.880800	8	6	3	0	2	7	1	3574	-548	25	60710	7	4	44	0	0	0	0	0	0	0	0	0	0	0	0	0	0	
1012.885917	8	6	3	0	2	7	1	3570	-549	25	60770	7	4	45	0	0	0	0	0	0	0	0	0	0	0	0	0	0	
1013.892483	8	6	3	0	2	7	1	3567	-550	25	60831	7	4	46	0	0	0	0	0	0	0	0	0	0	0	0	0	0	
1014.899033	8	6	3	0	2	7	1	3562	-549	25	60891	7	4	47	0	0	0	0	0	0	0	0	0	0	0	0	0	0	
1015.884000	8	6	3	0	2	7	1	3559	-546	25	60950	7	4	47	0	0	0	0	0	0	0	0	0	0	0	0	0	0	
1016.890567	8	6	3	0	2	7	1	3556	-551	25	61010	7	4	48	0	0	0	0	0	0	0	0	0	0	0	0	0	0	
1017.897117	8	6	3	0	2	7	1	3552	-549	25	61071	7	4	49	0	0	0	0	0	0	0	0	0	0	0	0	0	0	
1018.880633	8	6	3	0	2	7	1	3549	-549	25	61130	7	4	50	0	0	0	0	0	0	0	0	0	0	0	0	0	0	
1019.888633	8	6	3	0	2	7	1	3545	-549	25	61190	7	4	51	0	0	0	0	0	0	0	0	0	0	0	0	0	0	
1020.892317	8	6	3	0	2	7	1	3543	-550	25	61251	7	4	52	0	0	0	0	0	0	0	0	0	0	0	0	0	0	
1021.898883	8	6	3	0	2	7	1	3539	-550	25	61311	7	4	52	0	0	0	0	0	0	0	0	0	0	0	0	0	0	
1022.888167	8	6	3	0	2	7	1	3536	-550	25	61370	7	4	53	0	0	0	0	0	0	0	0	0	0	0	0	0	0	
1023.890400	8	6	3	0	2	7	1	3533	-548	25	61431	7	4	54	0	0	0	0	0	0	0	0	0	0	0	0	0	0	
1024.895517	8	6	3	0	2	7	1	3529	-551	25	61491	7	4	55	0	0	0	0	0	0	0	0	0	0	0	0	0	0	
1025.881917	8	6	3	0	2	7	1	3527	-550	25	61550	7	4	56	0	0	0	0	0	0	0	0	0	0	0	0	0	0	
1026.888483	8	6	3	0	2	7	1	3524	-551	25	61610	7	4	56	0	0	0	0	0	0	0	0	0	0	0	0	0	0	
1027.893600	8	6	3	0	2	7	1	3522	-550	25	61671	7	4	57	0	0	0	0	0	0	0	0	0	0	0	0	0	0	
1028.901600	8	6	3	0	2	7	1	3519	-549	25	61731	7	4	58	0	0	0	0	0	0	0	0	0	0	0	0	0	0	
1029.885117	8	6	3	0	2	7	1	3517	-551	25	61790	7	4	59	0	0	0	0	0	0	0	0	0	0	0	0	0	0	
1030.890233	8	6	3	0	2	7	1	3515	-552	25	61851	7	4	60	0	0	0	0	0	0	0	0	0	0	0	0	0	0	
1031.898233	8	6	3	0	2	7	1	3512	-549	25	61911	7	4	61	0	0	0	0	0	0	0	0	0	0	0	0	0	0	
1032.883200	8	6	3	0	2	7	1	3509	-550	25	61970	7	4	61	0	0	0	0	0	0	0	0	0	0	0	0	0	0	
1033.888317	8	6	3	0	2	7	1	3507	-551	25	62030	7	4	62	0	0	0	0	0	0	0	0	0	0	0	0	0	0	
1034.896317	8	6	3	0	2	7	1	3504	-551	25	62091	7	4	63	0	0	0	0	0	0	0	0	0	0	0	0	0	0	
1035.898567	8	6	3	0	2	7	1	3502	-551	25	62151	7	4	64	0	0	0	0	0	0	0	0	0	0	0	0	0	0	
1036.886400	8	6	3	0	2	7	1	3500	-550	25	62210	7	4	65	0	0	0	0	0	0	0	0	0	0	0	0	0	0	
1037.892967	8	6	3	0	2	7	1	3497	-550	25	62271	7	4	66	0	0	0	0	0	0	0	0	0	0	0	0	0	0	
1038.896633	8	6	3	0	2	7	1	3495	-550	25	62331	7	4	66	0	0	0	0	0	0	0	0	0	0	0	0	0	0	
1039.883033	8	6	3	0	2	7	1	3492	-550	25	62390	7	4	67	0	0	0	0	0	0	0	0	0	0	0	0	0	0	
1040.891033	8	6	3	0	2	7	1	3490	-548	25	62450	7	4	68	0	0	0	0	0	0	0	0	0	0	0	0	0	0	
1041.893283	8	6	3	0	2	7	1	3487	-550	25	62511	7	4	69	0	0	0	0	0	0	0	0	0	0	0	0	0	0	
1042.899833	8	6	3	0	2	7	1	3483	-549	25	62571	7	4	70	0	0	0	0	0	0	0	0	0	0	0	0	0	0	
1043.887683	8	6	3	0	2	7	1	3480	-550	25	62630	7	4	71	0	0	0	0	0	0	0	0	0	0	0	0	0	0	
1044.891367	8	6	3	0	2	7	1	3476	-550	25	62691	7	4	71	0	0	0	0	0	0	0	0	0	0	0	0	0	0	
1045.896483	8	6	3	0	2	7	1	3472	-551	25	62751	7	4	72	0	0	0	0	0	0	0	0	0	0	0	0	0	0	
1046.885767	8	6	3	0	2	7	1	3470	-549	25	62810	7	4	73	0	0	0	0	0	0	0	0	0	0	0	0	0	0	
1047.888000	8	6	3	0	2	7	1	3465	-550	25	62870	7	4	74	0	0	0	0	0	0	0	0	0	0	0	0	0	0	
1048.894567	8	6	3	0	2	7	1	3460	-548	25	62931	7	4	75	0	0	0	0	0	0	0	0	0	0	0	0	0	0	
1049.899683	8	6	3	0	2	7	1	3455	-549	25	62991	7	4	75	0	0	0	0	0	0	0	0	0	0	0	0	0	0	
1050.886083	8	6	3	0	2	7	1	3450	-549	25	63050	7	4	76	0	0	0	0	0	0	0	0	0	0	0	0	0	0	
1051.891200	8	6	3	0	2	7	1	3445	-550	25	63110	7	4	77	0	0	0	0	0	0	0	0	0	0	0	0	0	0	
1052.899200	8	6	3	0	2	7	1	3440	-551	25	63171	7	4	78	0	0	0	0	0	0	0	0	0	0	0	0	0	0	
1053.882717	8	6	3	0	2	7	1	3436	-549	25	63230	7	4	79	0	0	0	0	0	0	0	0	0	0	0	0	0	0	
1054.889283	8	6	3	0	2	7	1	3431	-549	25	63290	7	4	80	0	0	0	0	0	0	0	0	0	0	0	0	0	0	
1055.897283	8	6	3	0	2	7	1	3426	-550	25	63351	7	4	80	0	0	0	0	0	0	0	0	0	0	0	0	0	0	
1056.899517	8	6	3	0	2	7	1	3421	-550	25	63411	7	4	81	0	0	0	0	0	0	0	0	0	0	0	0	0	0	
1057.887367	8	6	3	0	2	7	1	3415	-550	25	63470	7	4	82	0	0	0	0	0	0	0	0	0	0	0	0	0	0	
1058.891033	8	6	3	0	2	7	1	3408	-549	25	63530	7	4	83	0	0	0	0	0	0	0	0	0	0	0	0	0	0	
1059.896167	8	6	3	0	2	7	1	3402	-548	25	63591	7	4	84	0	0	0	0	0	0	0	0	0	0	0	0	0	0	
1060.889767	8	6	3	0	2	7	1	3393	-551	25	63650	7	4	85	0	0	0	0	0	0	0	0	0	0	0	0	0	0	
1061.892000	8	6	3	0	2	7	1	3381	-550	25	63710	7	4	85	0	0	0	0	0	0	0	0	0	0	0	0	0	0	
1062.897117	8	6	3	0	2	7	1	3366	-548	25	63771	7	4	86	0	0	0	0	0	0	0	0	0	0	0	0	0	0	
1063.883517	8	6	3	0	2	7	1	3344	-549	25	63830	7	4	87	0	0	0	0	0	0	0	0	0	0	0	0	0	0	
1064.888633	8	6	3	0	2	7	1	3313	-550	25	63890	7	4	88	0	0	0	0	0	0	0	0	0	0	0	0	0	0	
1065.895200	8	6	3	0	2	7	1	3270	-550	25	63951	7	4	89	0	0	0	0	0	0	0	0	0	0	0	0	0	0	
1066.901767	8	6	3	0	2	7	1	3210	-550	25	64011	7	4	90	0	0	0	0	0	0	0	0	0	0	0	0	0	0	
1067.886717	8	6	3	0	2	7	1	3128	-550	25	64070	7	4	90	0	0	0	0	0	0	0	0	0	0	0	0	0	0	
1068.891833	8	6	3	0	2	7	1	3006	-548	25	64130	7	4	91	0	0	0	0	0	0	0	0	0	0	0	0	0	0	
1069.896967	8	6	3	0	2	7	1	2741	-550	25	64191	7	4	92	0	0	0	0	0	0	0	0	0	0	0	0	0	0	
1070.048167	8	15	3	0	1	31	2	2957	50	25	64200	8	4	92	0	0	0	0	0	0	0	0	0	0	0	0	0	0	
1070.069767	8	4	3	0	1	3	2	3006	9	25	64201	9	4	92	0	0	0	0	0	0	0	0	0	0	0	0	0	0	
1070.089917	8	3	3	0	1	2	2	3277	552	25	64202	9	4	92	0	0	0	0	0	0	0	0	0	0	0	0	0	0	
1070.889117	8	3	3	0	1	2	2	3603	550	25	64250	9	4	92	0	0	0	0	0	0	0	0	0	0	0	0	0	0	
1071.897117	8	3	3	0	1	2	2	3726	550	25	64311	9	4	92	0	0	0	0	0	0	0	0	0	0	0	0	0	0	
1072.899367	8	3	3	0	1	2	2	3798	549	25	64371	9	4	92	0	0	0	0	0	0	0	0	0	0	0	0	0	0	
1073.887200	8	3	3	0	1	2	2	3851	550	25	64430	9	4	92	0	0	0	0	0	0	0	0	0	0	0	0	0	0	
1074.890883	8	3	3	0	1	2	2	3890	550	25	64490	9	4	92	0	0	0	0	0	0	0	0	0	0	0	0	0	0	
1075.896000	8	3	3	0	1	2	2	3917	549	25	64551	9	4	92	0	0	0	0	0	0	0	0	0	0	0	0	0	0	
1076.902567	8	3	3	0	1	2	2	3927	549	25	64611	9	4	92	0	0	0	0	0	0	0	0	0	0	0	0	0	0	
1077.887517	8	3	3	0	1	2	2	3932	550	25	64670	9	4	92	0	0	0	0	0	0	0	0	0	0	0	0	0	0	
1078.894083	8	3	3	0	1	2	2	3937	549	25	64731	9	4	92	0	0	0	0	0	0	0	0	0	0	0	0	0	0	
1079.899200	8	3	3	0	1	2	2	3942	549	25	64791	9	4	92	0	0	0	0	0	0	0	0	0	0	0	0	0	0	
1080.885600	8	3	3	0	1	2	2	3947	550	25	64850	9	4	92	0	0	0	0	0	0	0	0	0	0	0	0	0	0	
1081.892167	8	3	3	0	1	2	2	3952	549	25	64910	9	4	92	0	0	0	0	0	0	0	0	0	0	0	0	0	0	
1082.897283	8	3	3	0	1	2	2	3958	550	25	64971	9	4	92	0	0	0	0	0	0	0	0	0	0	0	0	0	0	
1083.900967	8	3	3	0	1	2	2	3962	550	25	65031	9	4	92	0	0	0	0	0	0	0	0	0	0	0	0	0	0	
1084.888800	8	3	3	0	1	2	2	3967	549	25	65090	9	4	92	0	0	0	0	0	0	0	0	0	0	0	0	0	0	
1085.896800	8	3	3	0	1	2	2	3973	549	25	65150	9	4	92	0	0	0	0	0	0	0	0	0	0	0	0	0	0	
1086.899033	8	3	3	0	1	2	2	3978	550	25	65211	9	4	92	0	0	0	0	0	0	0	0	0	0	0	0	0	0	
1087.886883	8	3	3	0	1	2	2	3984	549	25	65270	9	4	92	0	0	0	0	0	0	0	0	0	0	0	0	0	0	
1088.893433	8	3	3	0	1	2	2	3991	549	25	65330	9	4	92	0	0	0	0	0	0	0	0	0	0	0	0	0	0	
1089.895683	8	3	3	0	1	2	2	3997	549	25	65391	9	4	92	0	0	0	0	0	0	0	0	0	0	0	0	0	0	
1090.902233	8	3	3	0	1	2	2	4003	548	25	65451	9	4	92	0	0	0	0	0	0	0	0	0	0	0	0	0	0	
1091.888633	8	3	3	0	1	2	2	4009	550	25	65510	9	4	92	0	0	0	0	0	0	0	0	0	0	0	0	0	0	
1092.893767	8	3	3	0	1	2	2	4015	549	25	65570	9	4	92	0	0	0	0	0	0	0	0	0	0	0	0	0	0	
1093.900317	8	3	3	0	1	2	2	4021	550	25	65631	9	4	92	0	0	0	0	0	0	0	0	0	0	0	0	0	0	
1094.885283	8	3	3	0	1	2	2	4026	550	25	65690	9	4	92	0	0	0	0	0	0	0	0	0	0	0	0	0	0	
1095.891833	8	3	3	0	1	2	2	4031	550	25	65750	9	4	92	0	0	0	0	0	0	0	0	0	0	0	0	0	0	
1096.898400	8	3	3	0	1	2	2	4034	548	25	65811	9	4	92	0	0	0	0	0	0	0	0	0	0	0	0	0	0	
1097.904967	8	3	3	0	1	2	2	4038	549	25	65871	9	4	92	0	0	0	0	0	0	0	0	0	0	0	0	0	0	
1098.888483	8	3	3	0	1	2	2	4040	549	25	65930	9	4	92	0	0	0	0	0	0	0	0	0	0	0	0	0	0	
1099.896483	8	3	3	0	1	2	2	4043	550	25	65990	9	4	92	0	0	0	0	0	0	0	0	0	0	0	0	0	0	
1100.898717	8	3	3	0	1	2	2	4044	549	25	66051	9	4	92	0	0	0	0	0	0	0	0	0	0	0	0	0	0	
1101.905283	8	3	3	0	1	2	2	4047	549	25	66111	9	4	92	0	0	0	0	0	0	0	0	0	0	0	0	0	0	
1102.893117	8	3	3	0	1	2	2	4049	550	25	66170	9	4	92	0	0	0	0	0	0	0	0	0	0	0	0	0	0	
1103.896800	8	3	3	0	1	2	2	4051	550	25	66231	9	4	92	0	0	0	0	0	0	0	0	0	0	0	0	0	0	
1104.901917	8	3	3	0	1	2	2	4053	549	25	66291	9	4	92	0	0	0	0	0	0	0	0	0	0	0	0	0	0	
1105.891200	8	3	3	0	1	2	2	4055	550	25	66350	9	4	92	0	0	0	0	0	0	0	0	0	0	0	0	0	0	
1106.893433	8	3	3	0	1	2	2	4058	550	25	66410	9	4	92	0	0	0	0	0	0	0	0	0	0	0	0	0	0	
1107.900000	8	3	3	0	1	2	2	4060	550	25	66471	9	4	92	0	0	0	0	0	0	0	0	0	0	0	0	0	0	
1108.905117	8	3	3	0	1	2	2	4063	550	25	66531	9	4	92	0	0	0	0	0	0	0	0	0	0	0	0	0	0	
1109.891517	8	3	3	0	1	2	2	4065	550	25	66590	9	4	92	0	0	0	0	0	0	0	0	0	0	0	0	0	0	
1110.896633	8	3	3	0	1	2	2	4067	549	25	66651	9	4	92	0	0	0	0	0	0	0	0	0	0	0	0	0	0	
1111.904633	8	3	3	0	1	2	2	4070	550	25	66711	9	4	92	0	0	0	0	0	0	0	0	0	0	0	0	0	0	
1112.888167	8	3	3	0	1	2	2	4073	550	25	66770	9	4	92	0	0	0	0	0	0	0	0	0	0	0	0	0	0	
1113.894717	8	3	3	0	1	2	2	4076	550	25	66830	9	4	92	0	0	0	0	0	0	0	0	0	0	0	0	0	0	
1114.902717	8	3	3	0	1	2	2	4079	550	25	66891	9	4	92	0	0	0	0	0	0	0	0	0	0	0	0	0	0	
1115.904967	8	3	3	0	1	2	2	4081	549	25	66951	9	4	92	0	0	0	0	0	0	0	0	0	0	0	0	0	0	
1116.891367	8	3	3	0	1	2	2	4084	550	25	67010	9	4	92	0	0	0	0	0	0	0	0	0	0	0	0	0	0	
1117.896483	8	3	3	0	1	2	2	4086	549	25	67070	9	4	92	0	0	0	0	0	0	0	0	0	0	0	0	0	0	
1118.901600	8	3	3	0	1	2	2	4090	550	25	67131	9	4	92	0	0	0	0	0	0	0	0	0	0	0	0	0	0	
1119.890883	8	3	3	0	1	2	2	4093	550	25	67190	9	4	92	0	0	0	0	0	0	0	0	0	0	0	0	0	0	
1120.893117	8	3	3	0	1	2	2	4096	549	25	67250	9	4	92	0	0	0	0	0	0	0	0	0	0	0	0	0	0	
1121.899683	8	3	3	0	1	2	2	4099	550	25	67311	9	4	92	0	0	0	0	0	0	0	0	0	0	0	0	0	0	
1122.891833	8	3	3	0	1	2	2	4103	549	25	67370	9	4	92	0	0	0	0	0	0	0	0	0	0	0	0	0	0	
1123.894083	8	3	3	0	1	2	2	4106	549	25	67430	9	4	92	0	0	0	0	0	0	0	0	0	0	0	0	0	0	
1124.900633	8	3	3	0	1	2	2	4109	550	25	67491	9	4	92	0	0	0	0	0	0	0	0	0	0	0	0	0	0	
1125.905767	8	3	3	0	1	2	2	4112	550	25	67551	9	4	92	0	0	0	0	0	0	0	0	0	0	0	0	0	0	
1126.892167	8	3	3	0	1	2	2	4116	550	25	67610	9	4	92	0	0	0	0	0	0	0	0	0	0	0	0	0	0	
1127.897283	8	3	3	0	1	2	2	4116	542	25	67670	9	4	92	0	0	0	0	0	0	0	0	0	0	0	0	0	0	
1128.905283	8	3	3	0	1	2	2	4120	543	25	67731	9	4	92	0	0	0	0	0	0	0	0	0	0	0	0	0	0	
1129.888800	8	3	3	0	1	2	2	4123	542	25	67790	9	4	92	0	0	0	0	0	0	0	0	0	0	0	0	0	0	
1130.895367	8	3	3	0	1	2	2	4126	541	25	67850	9	4	92	0	0	0	0	0	0	0	0	0	0	0	0	0	0	
1131.899033	8	3	3	0	1	2	2	4131	541	25	67911	9	4	92	0	0	0	0	0	0	0	0	0	0	0	0	0	0	
1132.905600	8	3	3	0	1	2	2	4133	540	25	67971	9	4	92	0	0	0	0	0	0	0	0	0	0	0	0	0	0	
1133.894883	8	3	3	0	1	2	2	4138	540	25	68030	9	4	92	0	0	0	0	0	0	0	0	0	0	0	0	0	0	
1134.897117	8	3	3	0	1	2	2	4141	539	25	68090	9	4	92	0	0	0	0	0	0	0	0	0	0	0	0	0	0	
1135.903683	8	3	3	0	1	2	2	4144	539	25	68151	9	4	92	0	0	0	0	0	0	0	0	0	0	0	0	0	0	
1136.891517	8	3	3	0	1	2	2	4149	539	25	68210	9	4	92	0	0	0	0	0	0	0	0	0	0	0	0	0	0	
1137.893767	8	3	3	0	1	2	2	4153	539	25	68270	9	4	92	0	0	0	0	0	0	0	0	0	0	0	0	0	0	
1138.900317	8	3	3	0	1	2	2	4157	538	25	68331	9	4	92	0	0	0	0	0	0	0	0	0	0	0	0	0	0	
1139.905433	8	3	3	0	1	2	2	4162	538	25	68391	9	4	92	0	0	0	0	0	0	0	0	0	0	0	0	0	0	
1140.891833	8	3	3	0	1	2	2	4166	538	25	68450	9	4	92	0	0	0	0	0	0	0	0	0	0	0	0	0	0	
1141.898400	8	3	3	0	1	2	2	4170	537	25	68510	9	4	92	0	0	0	0	0	0	0	0	0	0	0	0	0	0	
1142.904967	8	3	3	0	1	2	2	4175	537	25	68571	9	4	92	0	0	0	0	0	0	0	0	0	0	0	0	0	0	
1143.889917	8	3	3	0	1	2	2	4179	537	25	68630	9	4	92	0	0	0	0	0	0	0	0	0	0	0	0	0	0	
1144.906567	8	3	3	0	1	2	2	4184	535	25	68691	9	4	92	0	0	0	0	0	0	0	0	0	0	0	0	0	0	
1145.892967	8	3	3	0	1	2	2	4189	535	25	68750	9	4	92	0	0	0	0	0	0	0	0	0	0	0	0	0	0	
1146.898083	8	3	3	0	1	2	2	4194	536	25	68810	9	4	92	0	0	0	0	0	0	0	0	0	0	0	0	0	0	
1147.904633	8	3	3	0	1	2	2	4198	535	25	68871	9	4	92	0	0	0	0	0	0	0	0	0	0	0	0	0	0	
1148.889600	8	3	3	0	1	2	2	4204	535	25	68930	9	4	92	0	0	0	0	0	0	0	0	0	0	0	0	0	0	
1149.896167	8	3	3	0	1	2	2	4204	522	25	68990	9	4	92	0	0	0	0	0	0	0	0	0	0	0	0	0	0	
1150.901283	8	3	3	0	1	2	2	4204	510	25	69051	9	4	92	0	0	0	0	0	0	0	0	0	0	0	0	0	0	
1151.906400	8	3	3	0	1	2	2	4204	500	25	69111	9	4	92	0	0	0	0	0	0	0	0	0	0	0	0	0	0	
1152.894233	8	3	3	0	1	2	2	4204	488	25	69170	9	4	92	0	0	0	0	0	0	0	0	0	0	0	0	0	0	
1153.897917	8	3	3	0	1	2	2	4204	477	25	69230	9	4	92	0	0	0	0	0	0	0	0	0	0	0	0	0	0	
1154.903033	8	3	3	0	1	2	2	4204	466	25	69291	9	4	92	0	0	0	0	0	0	0	0	0	0	0	0	0	0	
1155.909600	8	3	3	0	1	2	2	4204	456	25	69351	9	4	92	0	0	0	0	0	0	0	0	0	0	0	0	0	0	
