Time	Status code	Status category	Status color	Pgm code	Pgm step	Pgm para	Pgm cycle	mV	mA	Temperature	Duration	Charge count	Discharge count	Capacity	Analog input 1	Analog input 2	Analog input 3	Analog input 4	Digital input 1	Digital input 2	Digital input 3	Digital input 4	Digital output 1	Digital output 2	Digital output 3	Digital output 4	Analog output 1	Analog output 2	
0.000000	8	3	3	0	1	2	2	3452	101	25	2	1	0	0	0	0	0	0	0	0	0	0	0	0	0	0	0	0	
0.254883	8	3	3	0	1	2	2	3553	674	25	17	1	0	0	0	0	0	0	0	0	0	0	0	0	0	0	0	0	
1.268633	8	3	3	0	1	2	2	3642	674	25	78	1	0	0	0	0	0	0	0	0	0	0	0	0	0	0	0	0	
2.265117	8	3	3	0	1	2	2	3697	673	25	138	1	0	0	0	0	0	0	0	0	0	0	0	0	0	0	0	0	
3.260167	8	3	3	0	1	2	2	3737	674	25	197	1	0	0	0	0	0	0	0	0	0	0	0	0	0	0	0	0	
4.256633	8	3	3	0	1	2	2	3766	674	25	257	1	0	0	0	0	0	0	0	0	0	0	0	0	0	0	0	0	
5.251683	8	3	3	0	1	2	2	3777	674	25	317	1	0	0	0	0	0	0	0	0	0	0	0	0	0	0	0	0	
6.269767	8	3	3	0	1	2	2	3783	674	25	378	1	0	0	0	0	0	0	0	0	0	0	0	0	0	0	0	0	
7.264800	8	3	3	0	1	2	2	3788	674	25	438	1	0	0	0	0	0	0	0	0	0	0	0	0	0	0	0	0	
8.258400	8	3	3	0	1	2	2	3792	675	25	497	1	0	0	0	0	0	0	0	0	0	0	0	0	0	0	0	0	
9.253433	8	3	3	0	1	2	2	3798	675	25	557	1	0	0	0	0	0	0	0	0	0	0	0	0	0	0	0	0	
10.271517	8	3	3	0	1	2	2	3803	674	25	618	1	0	0	0	0	0	0	0	0	0	0	0	0	0	0	0	0	
11.266567	8	3	3	0	1	2	2	3808	675	25	678	1	0	0	0	0	0	0	0	0	0	0	0	0	0	0	0	0	
12.254400	8	3	3	0	1	2	2	3814	675	25	737	1	0	0	0	0	0	0	0	0	0	0	0	0	0	0	0	0	
13.260967	8	3	3	0	1	2	2	3819	675	25	797	1	0	0	0	0	0	0	0	0	0	0	0	0	0	0	0	0	
14.264633	8	3	3	0	1	2	2	3826	675	25	858	1	0	0	0	0	0	0	0	0	0	0	0	0	0	0	0	0	
15.269767	8	3	3	0	1	2	2	3832	674	25	918	1	0	0	0	0	0	0	0	0	0	0	0	0	0	0	0	0	
16.259033	8	3	3	0	1	2	2	3837	675	25	977	1	0	0	0	0	0	0	0	0	0	0	0	0	0	0	0	0	
17.261283	8	3	3	0	1	2	2	3843	674	25	1038	1	0	0	0	0	0	0	0	0	0	0	0	0	0	0	0	0	
18.267833	8	3	3	0	1	2	2	3848	675	25	1098	1	0	0	0	0	0	0	0	0	0	0	0	0	0	0	0	0	
19.257117	8	3	3	0	1	2	2	3853	676	25	1157	1	0	0	0	0	0	0	0	0	0	0	0	0	0	0	0	0	
20.259367	8	3	3	0	1	2	2	3858	675	25	1217	1	0	0	0	0	0	0	0	0	0	0	0	0	0	0	0	0	
21.265917	8	3	3	0	1	2	2	3862	674	25	1278	1	0	0	0	0	0	0	0	0	0	0	0	0	0	0	0	0	
22.271033	8	3	3	0	1	2	2	3866	675	25	1338	1	0	0	0	0	0	0	0	0	0	0	0	0	0	0	0	0	
23.257433	8	3	3	0	1	2	2	3868	676	25	1397	1	0	0	0	0	0	0	0	0	0	0	0	0	0	0	0	0	
24.262567	8	3	3	0	1	2	2	3871	674	25	1457	1	0	0	0	0	0	0	0	0	0	0	0	0	0	0	0	0	
25.270567	8	3	3	0	1	2	2	3874	674	25	1518	1	0	0	0	0	0	0	0	0	0	0	0	0	0	0	0	0	
26.254083	8	3	3	0	1	2	2	3876	675	25	1577	1	0	0	0	0	0	0	0	0	0	0	0	0	0	0	0	0	
27.260633	8	3	3	0	1	2	2	3878	675	25	1637	1	0	0	0	0	0	0	0	0	0	0	0	0	0	0	0	0	
28.267200	8	3	3	0	1	2	2	3880	674	25	1698	1	0	0	0	0	0	0	0	0	0	0	0	0	0	0	0	0	
29.253600	8	3	3	0	1	2	2	3882	675	25	1757	1	0	0	0	0	0	0	0	0	0	0	0	0	0	0	0	0	
30.258717	8	3	3	0	1	2	2	3884	675	25	1817	1	0	0	0	0	0	0	0	0	0	0	0	0	0	0	0	0	
31.265283	8	3	3	0	1	2	2	3886	674	25	1878	1	0	0	0	0	0	0	0	0	0	0	0	0	0	0	0	0	
32.268967	8	3	3	0	1	2	2	3888	674	25	1938	1	0	0	0	0	0	0	0	0	0	0	0	0	0	0	0	0	
33.256800	8	3	3	0	1	2	2	3890	675	25	1997	1	0	0	0	0	0	0	0	0	0	0	0	0	0	0	0	0	
34.264800	8	3	3	0	1	2	2	3892	675	25	2057	1	0	0	0	0	0	0	0	0	0	0	0	0	0	0	0	0	
35.267033	8	3	3	0	1	2	2	3895	674	25	2118	1	0	0	0	0	0	0	0	0	0	0	0	0	0	0	0	0	
36.272167	8	3	3	0	1	2	2	3897	674	25	2178	1	0	0	0	0	0	0	0	0	0	0	0	0	0	0	0	0	
37.261433	8	3	3	0	1	2	2	3900	674	25	2237	1	0	0	0	0	0	0	0	0	0	0	0	0	0	0	0	0	
38.263683	8	3	3	0	1	2	2	3902	674	25	2298	1	0	0	0	0	0	0	0	0	0	0	0	0	0	0	0	0	
39.270233	8	3	3	0	1	2	2	3904	674	25	2358	1	0	0	0	0	0	0	0	0	0	0	0	0	0	0	0	0	
40.259517	8	3	3	0	1	2	2	3906	675	25	2417	1	0	0	0	0	0	0	0	0	0	0	0	0	0	0	0	0	
41.261767	8	3	3	0	1	2	2	3909	675	25	2477	1	0	0	0	0	0	0	0	0	0	0	0	0	0	0	0	0	
42.262567	8	3	3	0	1	2	2	3911	675	25	2537	1	0	0	0	0	0	0	0	0	0	0	0	0	0	0	0	0	
43.264800	8	3	3	0	1	2	2	3914	674	25	2598	1	0	0	0	0	0	0	0	0	0	0	0	0	0	0	0	0	
44.271367	8	3	3	0	1	2	2	3916	676	25	2658	1	0	0	0	0	0	0	0	0	0	0	0	0	0	0	0	0	
45.260633	8	3	3	0	1	2	2	3919	675	25	2717	1	0	0	0	0	0	0	0	0	0	0	0	0	0	0	0	0	
46.262883	8	3	3	0	1	2	2	3922	675	25	2777	1	0	0	0	0	0	0	0	0	0	0	0	0	0	0	0	0	
47.268000	8	3	3	0	1	2	2	3924	675	25	2838	1	0	0	0	0	0	0	0	0	0	0	0	0	0	0	0	0	
48.274567	8	3	3	0	1	2	2	3927	674	25	2898	1	0	0	0	0	0	0	0	0	0	0	0	0	0	0	0	0	
49.259517	8	3	3	0	1	2	2	3929	674	25	2957	1	0	0	0	0	0	0	0	0	0	0	0	0	0	0	0	0	
50.266083	8	3	3	0	1	2	2	3931	674	25	3018	1	0	0	0	0	0	0	0	0	0	0	0	0	0	0	0	0	
51.272633	8	3	3	0	1	2	2	3934	674	25	3078	1	0	0	0	0	0	0	0	0	0	0	0	0	0	0	0	0	
52.257600	8	3	3	0	1	2	2	3937	674	25	3137	1	0	0	0	0	0	0	0	0	0	0	0	0	0	0	0	0	
53.262717	8	3	3	0	1	2	2	3940	674	25	3197	1	0	0	0	0	0	0	0	0	0	0	0	0	0	0	0	0	
54.270717	8	3	3	0	1	2	2	3943	674	25	3258	1	0	0	0	0	0	0	0	0	0	0	0	0	0	0	0	0	
55.272967	8	3	3	0	1	2	2	3945	674	25	3318	1	0	0	0	0	0	0	0	0	0	0	0	0	0	0	0	0	
56.262233	8	3	3	0	1	2	2	3949	675	25	3377	1	0	0	0	0	0	0	0	0	0	0	0	0	0	0	0	0	
57.264483	8	3	3	0	1	2	2	3952	674	25	3438	1	0	0	0	0	0	0	0	0	0	0	0	0	0	0	0	0	
58.271033	8	3	3	0	1	2	2	3955	675	25	3498	1	0	0	0	0	0	0	0	0	0	0	0	0	0	0	0	0	
59.256000	8	3	3	0	1	2	2	3958	674	25	3557	1	0	0	0	0	0	0	0	0	0	0	0	0	0	0	0	0	
60.262567	8	3	3	0	1	2	2	3962	675	25	3617	1	0	0	0	0	0	0	0	0	0	0	0	0	0	0	0	0	
61.267683	8	3	3	0	1	2	2	3965	674	25	3678	1	0	0	0	0	0	0	0	0	0	0	0	0	0	0	0	0	
62.275683	8	3	3	0	1	2	2	3969	674	25	3738	1	0	0	0	0	0	0	0	0	0	0	0	0	0	0	0	0	
63.259200	8	3	3	0	1	2	2	3973	675	25	3797	1	0	0	0	0	0	0	0	0	0	0	0	0	0	0	0	0	
64.265767	8	3	3	0	1	2	2	3976	673	25	3857	1	0	0	0	0	0	0	0	0	0	0	0	0	0	0	0	0	
65.273767	8	3	3	0	1	2	2	3981	675	25	3918	1	0	0	0	0	0	0	0	0	0	0	0	0	0	0	0	0	
66.257283	8	3	3	0	1	2	2	3984	674	25	3977	1	0	0	0	0	0	0	0	0	0	0	0	0	0	0	0	0	
67.263833	8	3	3	0	1	2	2	3988	675	25	4037	1	0	0	0	0	0	0	0	0	0	0	0	0	0	0	0	0	
68.270400	8	3	3	0	1	2	2	3992	674	25	4098	1	0	0	0	0	0	0	0	0	0	0	0	0	0	0	0	0	
69.272633	8	3	3	0	1	2	2	3997	675	25	4158	1	0	0	0	0	0	0	0	0	0	0	0	0	0	0	0	0	
70.260483	8	3	3	0	1	2	2	4001	674	25	4217	1	0	0	0	0	0	0	0	0	0	0	0	0	0	0	0	0	
71.265600	8	3	3	0	1	2	2	4005	675	25	4277	1	0	0	0	0	0	0	0	0	0	0	0	0	0	0	0	0	
72.270717	8	3	3	0	1	2	2	4009	674	25	4338	1	0	0	0	0	0	0	0	0	0	0	0	0	0	0	0	0	
73.260000	8	3	3	0	1	2	2	4014	675	25	4397	1	0	0	0	0	0	0	0	0	0	0	0	0	0	0	0	0	
74.262233	8	3	3	0	1	2	2	4018	675	25	4457	1	0	0	0	0	0	0	0	0	0	0	0	0	0	0	0	0	
75.268800	8	3	3	0	1	2	2	4023	674	25	4518	1	0	0	0	0	0	0	0	0	0	0	0	0	0	0	0	0	
76.273917	8	3	3	0	1	2	2	4027	675	25	4578	1	0	0	0	0	0	0	0	0	0	0	0	0	0	0	0	0	
77.260317	8	3	3	0	1	2	2	4032	675	25	4637	1	0	0	0	0	0	0	0	0	0	0	0	0	0	0	0	0	
78.265433	8	3	3	0	1	2	2	4037	675	25	4697	1	0	0	0	0	0	0	0	0	0	0	0	0	0	0	0	0	
79.273433	8	3	3	0	1	2	2	4042	674	25	4758	1	0	0	0	0	0	0	0	0	0	0	0	0	0	0	0	0	
80.275683	8	3	3	0	1	2	2	4047	673	25	4818	1	0	0	0	0	0	0	0	0	0	0	0	0	0	0	0	0	
81.264967	8	3	3	0	1	2	2	4053	675	25	4877	1	0	0	0	0	0	0	0	0	0	0	0	0	0	0	0	0	
82.267200	8	3	3	0	1	2	2	4057	675	25	4938	1	0	0	0	0	0	0	0	0	0	0	0	0	0	0	0	0	
83.272317	8	3	3	0	1	2	2	4063	675	25	4998	1	0	0	0	0	0	0	0	0	0	0	0	0	0	0	0	0	
84.260167	8	3	3	0	1	2	2	4068	674	25	5057	1	0	0	0	0	0	0	0	0	0	0	0	0	0	0	0	0	
85.265283	8	3	3	0	1	2	2	4073	675	25	5117	1	0	0	0	0	0	0	0	0	0	0	0	0	0	0	0	0	
86.270400	8	3	3	0	1	2	2	4079	675	25	5178	1	0	0	0	0	0	0	0	0	0	0	0	0	0	0	0	0	
87.276967	8	3	3	0	1	2	2	4085	675	25	5238	1	0	0	0	0	0	0	0	0	0	0	0	0	0	0	0	0	
88.261917	8	3	3	0	1	2	2	4091	674	25	5297	1	0	0	0	0	0	0	0	0	0	0	0	0	0	0	0	0	
89.268483	8	3	3	0	1	2	2	4097	674	25	5358	1	0	0	0	0	0	0	0	0	0	0	0	0	0	0	0	0	
90.273600	8	3	3	0	1	2	2	4103	674	25	5418	1	0	0	0	0	0	0	0	0	0	0	0	0	0	0	0	0	
91.260000	8	3	3	0	1	2	2	4109	674	25	5477	1	0	0	0	0	0	0	0	0	0	0	0	0	0	0	0	0	
92.265117	8	3	3	0	1	2	2	4115	675	25	5537	1	0	0	0	0	0	0	0	0	0	0	0	0	0	0	0	0	
93.273117	8	3	3	0	1	2	2	4120	666	25	5598	1	0	0	0	0	0	0	0	0	0	0	0	0	0	0	0	0	
94.275367	8	3	3	0	1	2	2	4126	664	25	5658	1	0	0	0	0	0	0	0	0	0	0	0	0	0	0	0	0	
95.263200	8	3	3	0	1	2	2	4133	664	25	5717	1	0	0	0	0	0	0	0	0	0	0	0	0	0	0	0	0	
96.269767	8	3	3	0	1	2	2	4139	662	25	5777	1	0	0	0	0	0	0	0	0	0	0	0	0	0	0	0	0	
97.273433	8	3	3	0	1	2	2	4146	662	25	5838	1	0	0	0	0	0	0	0	0	0	0	0	0	0	0	0	0	
98.259833	8	3	3	0	1	2	2	4153	661	25	5897	1	0	0	0	0	0	0	0	0	0	0	0	0	0	0	0	0	
99.264967	8	3	3	0	1	2	2	4160	660	25	5957	1	0	0	0	0	0	0	0	0	0	0	0	0	0	0	0	0	
100.270083	8	3	3	0	1	2	2	4167	658	25	6018	1	0	0	0	0	0	0	0	0	0	0	0	0	0	0	0	0	
101.276633	8	3	3	0	1	2	2	4174	658	25	6078	1	0	0	0	0	0	0	0	0	0	0	0	0	0	0	0	0	
102.261600	8	3	3	0	1	2	2	4181	657	25	6137	1	0	0	0	0	0	0	0	0	0	0	0	0	0	0	0	0	
103.268167	8	3	3	0	1	2	2	4188	656	25	6197	1	0	0	0	0	0	0	0	0	0	0	0	0	0	0	0	0	
104.273283	8	3	3	0	1	2	2	4196	655	25	6258	1	0	0	0	0	0	0	0	0	0	0	0	0	0	0	0	0	
105.274083	8	3	3	0	1	2	2	4203	654	25	6318	1	0	0	0	0	0	0	0	0	0	0	0	0	0	0	0	0	
106.260483	8	3	3	0	1	2	2	4204	599	25	6377	1	0	0	0	0	0	0	0	0	0	0	0	0	0	0	0	0	
107.265600	8	3	3	0	1	2	2	4204	558	25	6437	1	0	0	0	0	0	0	0	0	0	0	0	0	0	0	0	0	
108.272167	8	3	3	0	1	2	2	4204	522	25	6498	1	0	0	0	0	0	0	0	0	0	0	0	0	0	0	0	0	
109.280167	8	3	3	0	1	2	2	4204	491	25	6558	1	0	0	0	0	0	0	0	0	0	0	0	0	0	0	0	0	
110.263683	8	3	3	0	1	2	2	4204	460	25	6617	1	0	0	0	0	0	0	0	0	0	0	0	0	0	0	0	0	
111.270233	8	3	3	0	1	2	2	4204	433	25	6677	1	0	0	0	0	0	0	0	0	0	0	0	0	0	0	0	0	
112.273917	8	3	3	0	1	2	2	4204	405	25	6738	1	0	0	0	0	0	0	0	0	0	0	0	0	0	0	0	0	
113.261767	8	3	3	0	1	2	2	4204	380	25	6797	1	0	0	0	0	0	0	0	0	0	0	0	0	0	0	0	0	
114.268317	8	3	3	0	1	2	2	4204	358	25	6857	1	0	0	0	0	0	0	0	0	0	0	0	0	0	0	0	0	
115.274883	8	3	3	0	1	2	2	4204	335	25	6918	1	0	0	0	0	0	0	0	0	0	0	0	0	0	0	0	0	
116.261283	8	3	3	0	1	2	2	4204	316	25	6977	1	0	0	0	0	0	0	0	0	0	0	0	0	0	0	0	0	
117.266400	8	3	3	0	1	2	2	4204	298	25	7037	1	0	0	0	0	0	0	0	0	0	0	0	0	0	0	0	0	
118.271517	8	3	3	0	1	2	2	4204	279	25	7098	1	0	0	0	0	0	0	0	0	0	0	0	0	0	0	0	0	
119.278083	8	3	3	0	1	2	2	4204	263	25	7158	1	0	0	0	0	0	0	0	0	0	0	0	0	0	0	0	0	
120.263033	8	3	3	0	1	2	2	4204	249	25	7217	1	0	0	0	0	0	0	0	0	0	0	0	0	0	0	0	0	
121.269600	8	3	3	0	1	2	2	4204	233	25	7277	1	0	0	0	0	0	0	0	0	0	0	0	0	0	0	0	0	
122.274717	8	3	3	0	1	2	2	4204	220	25	7338	1	0	0	0	0	0	0	0	0	0	0	0	0	0	0	0	0	
123.261117	8	3	3	0	1	2	2	4204	208	25	7397	1	0	0	0	0	0	0	0	0	0	0	0	0	0	0	0	0	
124.267683	8	3	3	0	1	2	2	4204	195	25	7457	1	0	0	0	0	0	0	0	0	0	0	0	0	0	0	0	0	
125.274233	8	3	3	0	1	2	2	4204	185	25	7518	1	0	0	0	0	0	0	0	0	0	0	0	0	0	0	0	0	
126.276483	8	3	3	0	1	2	2	4204	174	25	7578	1	0	0	0	0	0	0	0	0	0	0	0	0	0	0	0	0	
127.265767	8	3	3	0	1	2	2	4204	165	25	7637	1	0	0	0	0	0	0	0	0	0	0	0	0	0	0	0	0	
128.268000	8	3	3	0	1	2	2	4204	156	25	7697	1	0	0	0	0	0	0	0	0	0	0	0	0	0	0	0	0	
129.274567	8	3	3	0	1	2	2	4204	146	25	7758	1	0	0	0	0	0	0	0	0	0	0	0	0	0	0	0	0	
130.279683	8	3	3	0	1	2	2	4204	140	25	7818	1	0	0	0	0	0	0	0	0	0	0	0	0	0	0	0	0	
131.266083	8	3	3	0	1	2	2	4204	132	25	7877	1	0	0	0	0	0	0	0	0	0	0	0	0	0	0	0	0	
132.272633	8	3	3	0	1	2	2	4204	125	25	7938	1	0	0	0	0	0	0	0	0	0	0	0	0	0	0	0	0	
133.279200	8	3	3	0	1	2	2	4204	119	25	7998	1	0	0	0	0	0	0	0	0	0	0	0	0	0	0	0	0	
134.262717	8	3	3	0	1	2	2	4205	113	25	8057	1	0	0	0	0	0	0	0	0	0	0	0	0	0	0	0	0	
135.269283	8	3	3	0	1	2	2	4205	106	25	8117	1	0	0	0	0	0	0	0	0	0	0	0	0	0	0	0	0	
136.272967	8	3	3	0	1	2	2	4204	101	25	8178	1	0	0	0	0	0	0	0	0	0	0	0	0	0	0	0	0	
137.279517	8	3	3	0	1	2	2	4204	96	25	8238	1	0	0	0	0	0	0	0	0	0	0	0	0	0	0	0	0	
138.268800	8	3	3	0	1	2	2	4204	91	25	8297	1	0	0	0	0	0	0	0	0	0	0	0	0	0	0	0	0	
139.275367	8	3	3	0	1	2	2	4204	84	25	8358	1	0	0	0	0	0	0	0	0	0	0	0	0	0	0	0	0	
140.263200	8	3	3	0	1	2	2	4204	81	25	8417	1	0	0	0	0	0	0	0	0	0	0	0	0	0	0	0	0	
141.271200	8	3	3	0	1	2	2	4204	78	25	8477	1	0	0	0	0	0	0	0	0	0	0	0	0	0	0	0	0	
142.273433	8	3	3	0	1	2	2	4204	75	25	8538	1	0	0	0	0	0	0	0	0	0	0	0	0	0	0	0	0	
143.280000	8	3	3	0	1	2	2	4204	71	25	8598	1	0	0	0	0	0	0	0	0	0	0	0	0	0	0	0	0	
144.267833	8	3	3	0	1	2	2	4204	69	25	8657	1	0	0	0	0	0	0	0	0	0	0	0	0	0	0	0	0	
144.511200	8	6	3	0	2	7	1	4137	-673	25	8672	1	1	0	0	0	0	0	0	0	0	0	0	0	0	0	0	0	
145.272967	8	6	3	0	2	7	1	4100	-675	25	8718	1	1	0	0	0	0	0	0	0	0	0	0	0	0	0	0	0	
146.278083	8	6	3	0	2	7	1	4081	-673	25	8778	1	1	1	0	0	0	0	0	0	0	0	0	0	0	0	0	0	
147.264483	8	6	3	0	2	7	1	4069	-676	25	8837	1	1	2	0	0	0	0	0	0	0	0	0	0	0	0	0	0	
148.269600	8	6	3	0	2	7	1	4058	-671	25	8897	1	1	3	0	0	0	0	0	0	0	0	0	0	0	0	0	0	
149.276167	8	6	3	0	2	7	1	4049	-675	25	8958	1	1	3	0	0	0	0	0	0	0	0	0	0	0	0	0	0	
150.281283	8	6	3	0	2	7	1	4040	-675	25	9018	1	1	4	0	0	0	0	0	0	0	0	0	0	0	0	0	0	
151.267683	8	6	3	0	2	7	1	4031	-674	25	9077	1	1	5	0	0	0	0	0	0	0	0	0	0	0	0	0	0	
152.272800	8	6	3	0	2	7	1	4022	-674	25	9138	1	1	6	0	0	0	0	0	0	0	0	0	0	0	0	0	0	
153.280800	8	6	3	0	2	7	1	4014	-675	25	9198	1	1	7	0	0	0	0	0	0	0	0	0	0	0	0	0	0	
154.264317	8	6	3	0	2	7	1	4006	-672	25	9257	1	1	7	0	0	0	0	0	0	0	0	0	0	0	0	0	0	
155.270883	8	6	3	0	2	7	1	3998	-674	25	9317	1	1	8	0	0	0	0	0	0	0	0	0	0	0	0	0	0	
156.284633	8	6	3	0	2	7	1	3989	-674	25	9378	1	1	9	0	0	0	0	0	0	0	0	0	0	0	0	0	0	
157.272483	8	6	3	0	2	7	1	3981	-673	25	9437	1	1	10	0	0	0	0	0	0	0	0	0	0	0	0	0	0	
158.280483	8	6	3	0	2	7	1	3973	-675	25	9498	1	1	11	0	0	0	0	0	0	0	0	0	0	0	0	0	0	
159.264000	8	6	3	0	2	7	1	3966	-673	25	9557	1	1	12	0	0	0	0	0	0	0	0	0	0	0	0	0	0	
160.270567	8	6	3	0	2	7	1	3958	-675	25	9617	1	1	12	0	0	0	0	0	0	0	0	0	0	0	0	0	0	
161.274233	8	6	3	0	2	7	1	3951	-675	25	9678	1	1	13	0	0	0	0	0	0	0	0	0	0	0	0	0	0	
162.279367	8	6	3	0	2	7	1	3943	-675	25	9738	1	1	14	0	0	0	0	0	0	0	0	0	0	0	0	0	0	
163.268633	8	6	3	0	2	7	1	3935	-675	25	9797	1	1	15	0	0	0	0	0	0	0	0	0	0	0	0	0	0	
164.272317	8	6	3	0	2	7	1	3928	-674	25	9857	1	1	16	0	0	0	0	0	0	0	0	0	0	0	0	0	0	
165.277433	8	6	3	0	2	7	1	3921	-674	25	9918	1	1	17	0	0	0	0	0	0	0	0	0	0	0	0	0	0	
166.269600	8	6	3	0	2	7	1	3914	-675	25	9977	1	1	17	0	0	0	0	0	0	0	0	0	0	0	0	0	0	
167.271833	8	6	3	0	2	7	1	3907	-676	25	10037	1	1	18	0	0	0	0	0	0	0	0	0	0	0	0	0	0	
168.278400	8	6	3	0	2	7	1	3900	-675	25	10098	1	1	19	0	0	0	0	0	0	0	0	0	0	0	0	0	0	
169.263367	8	6	3	0	2	7	1	3893	-674	25	10157	1	1	20	0	0	0	0	0	0	0	0	0	0	0	0	0	0	
170.269917	8	6	3	0	2	7	1	3887	-676	25	10217	1	1	21	0	0	0	0	0	0	0	0	0	0	0	0	0	0	
171.275033	8	6	3	0	2	7	1	3880	-672	25	10278	1	1	21	0	0	0	0	0	0	0	0	0	0	0	0	0	0	
172.283033	8	6	3	0	2	7	1	3873	-675	25	10338	1	1	22	0	0	0	0	0	0	0	0	0	0	0	0	0	0	
173.268000	8	6	3	0	2	7	1	3867	-675	25	10397	1	1	23	0	0	0	0	0	0	0	0	0	0	0	0	0	0	
174.274567	8	6	3	0	2	7	1	3861	-673	25	10457	1	1	24	0	0	0	0	0	0	0	0	0	0	0	0	0	0	
175.282567	8	6	3	0	2	7	1	3855	-674	25	10518	1	1	25	0	0	0	0	0	0	0	0	0	0	0	0	0	0	
176.266083	8	6	3	0	2	7	1	3849	-675	25	10577	1	1	26	0	0	0	0	0	0	0	0	0	0	0	0	0	0	
177.274083	8	6	3	0	2	7	1	3843	-673	25	10637	1	1	26	0	0	0	0	0	0	0	0	0	0	0	0	0	0	
178.276317	8	6	3	0	2	7	1	3838	-672	25	10698	1	1	27	0	0	0	0	0	0	0	0	0	0	0	0	0	0	
179.282883	8	6	3	0	2	7	1	3832	-675	25	10758	1	1	28	0	0	0	0	0	0	0	0	0	0	0	0	0	0	
180.272167	8	6	3	0	2	7	1	3826	-675	25	10817	1	1	29	0	0	0	0	0	0	0	0	0	0	0	0	0	0	
181.274400	8	6	3	0	2	7	1	3821	-672	25	10877	1	1	30	0	0	0	0	0	0	0	0	0	0	0	0	0	0	
182.279517	8	6	3	0	2	7	1	3815	-674	25	10938	1	1	31	0	0	0	0	0	0	0	0	0	0	0	0	0	0	
183.268800	8	6	3	0	2	7	1	3810	-676	25	10997	1	1	31	0	0	0	0	0	0	0	0	0	0	0	0	0	0	
184.271033	8	6	3	0	2	7	1	3804	-675	25	11057	1	1	32	0	0	0	0	0	0	0	0	0	0	0	0	0	0	
185.277600	8	6	3	0	2	7	1	3799	-672	25	11118	1	1	33	0	0	0	0	0	0	0	0	0	0	0	0	0	0	
186.282717	8	6	3	0	2	7	1	3794	-674	25	11178	1	1	34	0	0	0	0	0	0	0	0	0	0	0	0	0	0	
187.269117	8	6	3	0	2	7	1	3789	-674	25	11237	1	1	35	0	0	0	0	0	0	0	0	0	0	0	0	0	0	
188.274233	8	6	3	0	2	7	1	3784	-675	25	11297	1	1	35	0	0	0	0	0	0	0	0	0	0	0	0	0	0	
189.280800	8	6	3	0	2	7	1	3779	-676	25	11358	1	1	36	0	0	0	0	0	0	0	0	0	0	0	0	0	0	
190.265767	8	6	3	0	2	7	1	3775	-675	25	11417	1	1	37	0	0	0	0	0	0	0	0	0	0	0	0	0	0	
191.272317	8	6	3	0	2	7	1	3770	-674	25	11477	1	1	38	0	0	0	0	0	0	0	0	0	0	0	0	0	0	
192.280317	8	6	3	0	2	7	1	3765	-674	25	11538	1	1	39	0	0	0	0	0	0	0	0	0	0	0	0	0	0	
193.282567	8	6	3	0	2	7	1	3760	-674	25	11598	1	1	40	0	0	0	0	0	0	0	0	0	0	0	0	0	0	
194.268967	8	6	3	0	2	7	1	3756	-675	25	11657	1	1	40	0	0	0	0	0	0	0	0	0	0	0	0	0	0	
195.276967	8	6	3	0	2	7	1	3751	-674	25	11717	1	1	41	0	0	0	0	0	0	0	0	0	0	0	0	0	0	
196.279200	8	6	3	0	2	7	1	3747	-677	25	11778	1	1	42	0	0	0	0	0	0	0	0	0	0	0	0	0	0	
197.267033	8	6	3	0	2	7	1	3743	-674	25	11837	1	1	43	0	0	0	0	0	0	0	0	0	0	0	0	0	0	
198.272167	8	6	3	0	2	7	1	3738	-673	25	11897	1	1	44	0	0	0	0	0	0	0	0	0	0	0	0	0	0	
199.277283	8	6	3	0	2	7	1	3734	-674	25	11958	1	1	44	0	0	0	0	0	0	0	0	0	0	0	0	0	0	
200.283833	8	6	3	0	2	7	1	3730	-674	25	12018	1	1	45	0	0	0	0	0	0	0	0	0	0	0	0	0	0	
201.268800	8	6	3	0	2	7	1	3726	-673	25	12077	1	1	46	0	0	0	0	0	0	0	0	0	0	0	0	0	0	
202.273917	8	6	3	0	2	7	1	3722	-676	25	12137	1	1	47	0	0	0	0	0	0	0	0	0	0	0	0	0	0	
203.280483	8	6	3	0	2	7	1	3719	-674	25	12198	1	1	48	0	0	0	0	0	0	0	0	0	0	0	0	0	0	
204.284167	8	6	3	0	2	7	1	3714	-676	25	12258	1	1	49	0	0	0	0	0	0	0	0	0	0	0	0	0	0	
205.272000	8	6	3	0	2	7	1	3710	-674	25	12317	1	1	49	0	0	0	0	0	0	0	0	0	0	0	0	0	0	
206.280000	8	6	3	0	2	7	1	3707	-674	25	12378	1	1	50	0	0	0	0	0	0	0	0	0	0	0	0	0	0	
207.282233	8	6	3	0	2	7	1	3703	-674	25	12438	1	1	51	0	0	0	0	0	0	0	0	0	0	0	0	0	0	
208.270083	8	6	3	0	2	7	1	3700	-675	25	12497	1	1	52	0	0	0	0	0	0	0	0	0	0	0	0	0	0	
209.273767	8	6	3	0	2	7	1	3696	-674	25	12557	1	1	53	0	0	0	0	0	0	0	0	0	0	0	0	0	0	
210.278883	8	6	3	0	2	7	1	3693	-675	25	12618	1	1	53	0	0	0	0	0	0	0	0	0	0	0	0	0	0	
211.285433	8	6	3	0	2	7	1	3690	-675	25	12678	1	1	54	0	0	0	0	0	0	0	0	0	0	0	0	0	0	
212.271833	8	6	3	0	2	7	1	3687	-674	25	12737	1	1	55	0	0	0	0	0	0	0	0	0	0	0	0	0	0	
213.276967	8	6	3	0	2	7	1	3683	-674	25	12797	1	1	56	0	0	0	0	0	0	0	0	0	0	0	0	0	0	
214.283517	8	6	3	0	2	7	1	3680	-673	25	12858	1	1	57	0	0	0	0	0	0	0	0	0	0	0	0	0	0	
215.268483	8	6	3	0	2	7	1	3677	-674	25	12917	1	1	58	0	0	0	0	0	0	0	0	0	0	0	0	0	0	
216.275033	8	6	3	0	2	7	1	3674	-676	25	12977	1	1	58	0	0	0	0	0	0	0	0	0	0	0	0	0	0	
217.281600	8	6	3	0	2	7	1	3671	-674	25	13038	1	1	59	0	0	0	0	0	0	0	0	0	0	0	0	0	0	
218.283833	8	6	3	0	2	7	1	3669	-677	25	13098	1	1	60	0	0	0	0	0	0	0	0	0	0	0	0	0	0	
219.271683	8	6	3	0	2	7	1	3666	-676	25	13157	1	1	61	0	0	0	0	0	0	0	0	0	0	0	0	0	0	
220.279683	8	6	3	0	2	7	1	3663	-672	25	13217	1	1	62	0	0	0	0	0	0	0	0	0	0	0	0	0	0	
221.281917	8	6	3	0	2	7	1	3660	-674	25	13278	1	1	62	0	0	0	0	0	0	0	0	0	0	0	0	0	0	
222.269767	8	6	3	0	2	7	1	3657	-676	25	13337	1	1	63	0	0	0	0	0	0	0	0	0	0	0	0	0	0	
223.276317	8	6	3	0	2	7	1	3655	-673	25	13397	1	1	64	0	0	0	0	0	0	0	0	0	0	0	0	0	0	
224.280000	8	6	3	0	2	7	1	3652	-675	25	13458	1	1	65	0	0	0	0	0	0	0	0	0	0	0	0	0	0	
225.285117	8	6	3	0	2	7	1	3649	-675	25	13518	1	1	66	0	0	0	0	0	0	0	0	0	0	0	0	0	0	
226.271517	8	6	3	0	2	7	1	3646	-675	25	13577	1	1	67	0	0	0	0	0	0	0	0	0	0	0	0	0	0	
227.276633	8	6	3	0	2	7	1	3643	-675	25	13637	1	1	67	0	0	0	0	0	0	0	0	0	0	0	0	0	0	
228.283200	8	6	3	0	2	7	1	3640	-676	25	13698	1	1	68	0	0	0	0	0	0	0	0	0	0	0	0	0	0	
229.291200	8	6	3	0	2	7	1	3637	-675	25	13758	1	1	69	0	0	0	0	0	0	0	0	0	0	0	0	0	0	
230.274717	8	6	3	0	2	7	1	3634	-675	25	13817	1	1	70	0	0	0	0	0	0	0	0	0	0	0	0	0	0	
231.285600	8	6	3	0	2	7	1	3631	-674	25	13878	1	1	71	0	0	0	0	0	0	0	0	0	0	0	0	0	0	
232.269117	8	6	3	0	2	7	1	3628	-677	25	13937	1	1	72	0	0	0	0	0	0	0	0	0	0	0	0	0	0	
233.275683	8	6	3	0	2	7	1	3624	-675	25	13997	1	1	72	0	0	0	0	0	0	0	0	0	0	0	0	0	0	
234.282233	8	6	3	0	2	7	1	3621	-675	25	14058	1	1	73	0	0	0	0	0	0	0	0	0	0	0	0	0	0	
235.285917	8	6	3	0	2	7	1	3618	-676	25	14118	1	1	74	0	0	0	0	0	0	0	0	0	0	0	0	0	0	
236.273767	8	6	3	0	2	7	1	3615	-675	25	14177	1	1	75	0	0	0	0	0	0	0	0	0	0	0	0	0	0	
237.277433	8	6	3	0	2	7	1	3613	-674	25	14237	1	1	76	0	0	0	0	0	0	0	0	0	0	0	0	0	0	
238.282567	8	6	3	0	2	7	1	3609	-675	25	14298	1	1	77	0	0	0	0	0	0	0	0	0	0	0	0	0	0	
239.289117	8	6	3	0	2	7	1	3607	-675	25	14358	1	1	77	0	0	0	0	0	0	0	0	0	0	0	0	0	0	
240.274083	8	6	3	0	2	7	1	3603	-675	25	14417	1	1	78	0	0	0	0	0	0	0	0	0	0	0	0	0	0	
241.280633	8	6	3	0	2	7	1	3601	-673	25	14478	1	1	79	0	0	0	0	0	0	0	0	0	0	0	0	0	0	
242.285767	8	6	3	0	2	7	1	3598	-674	25	14538	1	1	80	0	0	0	0	0	0	0	0	0	0	0	0	0	0	
243.272167	8	6	3	0	2	7	1	3595	-677	25	14597	1	1	81	0	0	0	0	0	0	0	0	0	0	0	0	0	0	
244.277283	8	6	3	0	2	7	1	3592	-673	25	14657	1	1	81	0	0	0	0	0	0	0	0	0	0	0	0	0	0	
245.285283	8	6	3	0	2	7	1	3589	-674	25	14718	1	1	82	0	0	0	0	0	0	0	0	0	0	0	0	0	0	
246.287517	8	6	3	0	2	7	1	3585	-675	25	14778	1	1	83	0	0	0	0	0	0	0	0	0	0	0	0	0	0	
247.275367	8	6	3	0	2	7	1	3582	-675	25	14837	1	1	84	0	0	0	0	0	0	0	0	0	0	0	0	0	0	
248.283367	8	6	3	0	2	7	1	3578	-673	25	14898	1	1	85	0	0	0	0	0	0	0	0	0	0	0	0	0	0	
249.285600	8	6	3	0	2	7	1	3573	-675	25	14958	1	1	86	0	0	0	0	0	0	0	0	0	0	0	0	0	0	
250.272000	8	6	3	0	2	7	1	3569	-674	25	15017	1	1	86	0	0	0	0	0	0	0	0	0	0	0	0	0	0	
251.280000	8	6	3	0	2	7	1	3563	-675	25	15077	1	1	87	0	0	0	0	0	0	0	0	0	0	0	0	0	0	
252.282233	8	6	3	0	2	7	1	3557	-674	25	15138	1	1	88	0	0	0	0	0	0	0	0	0	0	0	0	0	0	
253.288800	8	6	3	0	2	7	1	3550	-674	25	15198	1	1	89	0	0	0	0	0	0	0	0	0	0	0	0	0	0	
254.273767	8	6	3	0	2	7	1	3542	-675	25	15257	1	1	90	0	0	0	0	0	0	0	0	0	0	0	0	0	0	
255.280317	8	6	3	0	2	7	1	3531	-675	25	15317	1	1	90	0	0	0	0	0	0	0	0	0	0	0	0	0	0	
256.285433	8	6	3	0	2	7	1	3519	-675	25	15378	1	1	91	0	0	0	0	0	0	0	0	0	0	0	0	0	0	
257.271833	8	6	3	0	2	7	1	3503	-674	25	15437	1	1	92	0	0	0	0	0	0	0	0	0	0	0	0	0	0	
258.276967	8	6	3	0	2	7	1	3484	-674	25	15497	1	1	93	0	0	0	0	0	0	0	0	0	0	0	0	0	0	
259.284967	8	6	3	0	2	7	1	3460	-672	25	15558	1	1	94	0	0	0	0	0	0	0	0	0	0	0	0	0	0	
260.287200	8	6	3	0	2	7	1	3431	-674	25	15618	1	1	95	0	0	0	0	0	0	0	0	0	0	0	0	0	0	
261.275033	8	6	3	0	2	7	1	3395	-675	25	15677	1	1	95	0	0	0	0	0	0	0	0	0	0	0	0	0	0	
262.283033	8	6	3	0	2	7	1	3346	-675	25	15738	1	1	96	0	0	0	0	0	0	0	0	0	0	0	0	0	0	
263.289600	8	6	3	0	2	7	1	3276	-672	25	15798	1	1	97	0	0	0	0	0	0	0	0	0	0	0	0	0	0	
264.274567	8	6	3	0	2	7	1	3170	-675	25	15857	1	1	98	0	0	0	0	0	0	0	0	0	0	0	0	0	0	
265.279683	8	6	3	0	2	7	1	2931	-673	25	15917	1	1	99	0	0	0	0	0	0	0	0	0	0	0	0	0	0	
265.695833	8	15	3	0	1	31	2	2705	27	25	15942	2	1	99	0	0	0	0	0	0	0	0	0	0	0	0	0	0	
265.716000	8	4	3	0	1	3	2	2782	66	25	15944	2	1	99	0	0	0	0	0	0	0	0	0	0	0	0	0	0	
266.290567	8	4	3	0	1	3	2	2979	67	25	15978	2	1	99	0	0	0	0	0	0	0	0	0	0	0	0	0	0	
266.421600	8	3	3	0	1	2	2	3084	677	25	15986	3	1	99	0	0	0	0	0	0	0	0	0	0	0	0	0	0	
267.276967	8	3	3	0	1	2	2	3389	675	24	16037	3	1	99	0	0	0	0	0	0	0	0	0	0	0	0	0	0	
268.282083	8	3	3	0	1	2	2	3514	674	25	16098	3	1	99	0	0	0	0	0	0	0	0	0	0	0	0	0	0	
269.290083	8	3	3	0	1	2	2	3595	675	25	16158	3	1	99	0	0	0	0	0	0	0	0	0	0	0	0	0	0	
270.273600	8	3	3	0	1	2	2	3653	674	25	16217	3	1	99	0	0	0	0	0	0	0	0	0	0	0	0	0	0	
271.281600	8	3	3	0	1	2	2	3699	676	25	16277	3	1	99	0	0	0	0	0	0	0	0	0	0	0	0	0	0	
272.283833	8	3	3	0	1	2	2	3736	675	25	16338	3	1	99	0	0	0	0	0	0	0	0	0	0	0	0	0	0	
273.290400	8	3	3	0	1	2	2	3758	675	25	16398	3	1	99	0	0	0	0	0	0	0	0	0	0	0	0	0	0	
274.281117	8	3	3	0	1	2	2	3767	674	25	16457	3	1	99	0	0	0	0	0	0	0	0	0	0	0	0	0	0	
275.283367	8	3	3	0	1	2	2	3772	674	25	16518	3	1	99	0	0	0	0	0	0	0	0	0	0	0	0	0	0	
276.288483	8	3	3	0	1	2	2	3778	675	25	16578	3	1	99	0	0	0	0	0	0	0	0	0	0	0	0	0	0	
277.277767	8	3	3	0	1	2	2	3784	674	25	16637	3	1	99	0	0	0	0	0	0	0	0	0	0	0	0	0	0	
278.281433	8	3	3	0	1	2	2	3789	674	24	16697	3	1	99	0	0	0	0	0	0	0	0	0	0	0	0	0	0	
279.286567	8	3	3	0	1	2	2	3796	675	25	16758	3	1	99	0	0	0	0	0	0	0	0	0	0	0	0	0	0	
280.294567	8	3	3	0	1	2	2	3801	674	24	16818	3	1	99	0	0	0	0	0	0	0	0	0	0	0	0	0	0	
281.278083	8	3	3	0	1	2	2	3807	674	24	16877	3	1	99	0	0	0	0	0	0	0	0	0	0	0	0	0	0	
282.284633	8	3	3	0	1	2	2	3813	675	24	16938	3	1	99	0	0	0	0	0	0	0	0	0	0	0	0	0	0	
283.291200	8	3	3	0	1	2	2	3819	674	25	16998	3	1	99	0	0	0	0	0	0	0	0	0	0	0	0	0	0	
284.276167	8	3	3	0	1	2	2	3825	674	24	17057	3	1	99	0	0	0	0	0	0	0	0	0	0	0	0	0	0	
285.281283	8	3	3	0	1	2	2	3831	675	24	17117	3	1	99	0	0	0	0	0	0	0	0	0	0	0	0	0	0	
286.289283	8	3	3	0	1	2	2	3837	675	24	17178	3	1	99	0	0	0	0	0	0	0	0	0	0	0	0	0	0	
287.291517	8	3	3	0	1	2	2	3843	675	24	17238	3	1	99	0	0	0	0	0	0	0	0	0	0	0	0	0	0	
288.280800	8	3	3	0	1	2	2	3848	675	24	17297	3	1	99	0	0	0	0	0	0	0	0	0	0	0	0	0	0	
289.283033	8	3	3	0	1	2	2	3852	675	24	17358	3	1	99	0	0	0	0	0	0	0	0	0	0	0	0	0	0	
290.289600	8	3	3	0	1	2	2	3856	676	24	17418	3	1	99	0	0	0	0	0	0	0	0	0	0	0	0	0	0	
291.276000	8	3	3	0	1	2	2	3860	674	24	17477	3	1	99	0	0	0	0	0	0	0	0	0	0	0	0	0	0	
292.281117	8	3	3	0	1	2	2	3863	675	24	17537	3	1	99	0	0	0	0	0	0	0	0	0	0	0	0	0	0	
293.286233	8	3	3	0	1	2	2	3867	674	24	17598	3	1	99	0	0	0	0	0	0	0	0	0	0	0	0	0	0	
294.292800	8	3	3	0	1	2	2	3869	675	24	17658	3	1	99	0	0	0	0	0	0	0	0	0	0	0	0	0	0	
295.277767	8	3	3	0	1	2	2	3872	674	24	17717	3	1	99	0	0	0	0	0	0	0	0	0	0	0	0	0	0	
296.284317	8	3	3	0	1	2	2	3874	674	24	17778	3	1	99	0	0	0	0	0	0	0	0	0	0	0	0	0	0	
297.289433	8	3	3	0	1	2	2	3876	675	24	17838	3	1	99	0	0	0	0	0	0	0	0	0	0	0	0	0	0	
298.275833	8	3	3	0	1	2	2	3878	674	24	17897	3	1	99	0	0	0	0	0	0	0	0	0	0	0	0	0	0	
299.280967	8	3	3	0	1	2	2	3880	674	24	17957	3	1	99	0	0	0	0	0	0	0	0	0	0	0	0	0	0	
300.287517	8	3	3	0	1	2	2	3882	674	24	18018	3	1	99	0	0	0	0	0	0	0	0	0	0	0	0	0	0	
301.295517	8	3	3	0	1	2	2	3884	675	24	18078	3	1	99	0	0	0	0	0	0	0	0	0	0	0	0	0	0	
302.279033	8	3	3	0	1	2	2	3886	674	24	18137	3	1	99	0	0	0	0	0	0	0	0	0	0	0	0	0	0	
303.287033	8	3	3	0	1	2	2	3889	674	24	18197	3	1	99	0	0	0	0	0	0	0	0	0	0	0	0	0	0	
304.289283	8	3	3	0	1	2	2	3891	675	24	18258	3	1	99	0	0	0	0	0	0	0	0	0	0	0	0	0	0	
305.277117	8	3	3	0	1	2	2	3893	674	24	18317	3	1	99	0	0	0	0	0	0	0	0	0	0	0	0	0	0	
306.283683	8	3	3	0	1	2	2	3895	674	24	18377	3	1	99	0	0	0	0	0	0	0	0	0	0	0	0	0	0	
307.285917	8	3	3	0	1	2	2	3898	675	24	18438	3	1	99	0	0	0	0	0	0	0	0	0	0	0	0	0	0	
308.292483	8	3	3	0	1	2	2	3901	675	24	18498	3	1	99	0	0	0	0	0	0	0	0	0	0	0	0	0	0	
309.277433	8	3	3	0	1	2	2	3903	675	24	18557	3	1	99	0	0	0	0	0	0	0	0	0	0	0	0	0	0	
310.284000	8	3	3	0	1	2	2	3906	674	24	18617	3	1	99	0	0	0	0	0	0	0	0	0	0	0	0	0	0	
311.289117	8	3	3	0	1	2	2	3908	675	24	18678	3	1	99	0	0	0	0	0	0	0	0	0	0	0	0	0	0	
312.275517	8	3	3	0	1	2	2	3910	675	24	18737	3	1	99	0	0	0	0	0	0	0	0	0	0	0	0	0	0	
313.282083	8	3	3	0	1	2	2	3913	675	24	18797	3	1	99	0	0	0	0	0	0	0	0	0	0	0	0	0	0	
314.287200	8	3	3	0	1	2	2	3916	676	24	18858	3	1	99	0	0	0	0	0	0	0	0	0	0	0	0	0	0	
315.295200	8	3	3	0	1	2	2	3918	674	24	18918	3	1	99	0	0	0	0	0	0	0	0	0	0	0	0	0	0	
316.278717	8	3	3	0	1	2	2	3921	674	24	18977	3	1	99	0	0	0	0	0	0	0	0	0	0	0	0	0	0	
317.285283	8	3	3	0	1	2	2	3923	674	24	19037	3	1	99	0	0	0	0	0	0	0	0	0	0	0	0	0	0	
318.291833	8	3	3	0	1	2	2	3926	675	24	19098	3	1	99	0	0	0	0	0	0	0	0	0	0	0	0	0	0	
319.276800	8	3	3	0	1	2	2	3929	675	24	19157	3	1	99	0	0	0	0	0	0	0	0	0	0	0	0	0	0	
320.281917	8	3	3	0	1	2	2	3932	674	24	19217	3	1	99	0	0	0	0	0	0	0	0	0	0	0	0	0	0	
321.287033	8	3	3	0	1	2	2	3934	674	24	19278	3	1	99	0	0	0	0	0	0	0	0	0	0	0	0	0	0	
322.292167	8	3	3	0	1	2	2	3937	675	24	19338	3	1	99	0	0	0	0	0	0	0	0	0	0	0	0	0	0	
323.281433	8	3	3	0	1	2	2	3940	674	24	19397	3	1	99	0	0	0	0	0	0	0	0	0	0	0	0	0	0	
324.283683	8	3	3	0	1	2	2	3944	674	24	19457	3	1	99	0	0	0	0	0	0	0	0	0	0	0	0	0	0	
325.290233	8	3	3	0	1	2	2	3947	675	24	19518	3	1	99	0	0	0	0	0	0	0	0	0	0	0	0	0	0	
326.295367	8	3	3	0	1	2	2	3950	674	24	19578	3	1	99	0	0	0	0	0	0	0	0	0	0	0	0	0	0	
327.281767	8	3	3	0	1	2	2	3953	674	24	19637	3	1	99	0	0	0	0	0	0	0	0	0	0	0	0	0	0	
328.286883	8	3	3	0	1	2	2	3957	675	24	19698	3	1	99	0	0	0	0	0	0	0	0	0	0	0	0	0	0	
329.294883	8	3	3	0	1	2	2	3961	674	24	19758	3	1	99	0	0	0	0	0	0	0	0	0	0	0	0	0	0	
330.278400	8	3	3	0	1	2	2	3964	674	24	19817	3	1	99	0	0	0	0	0	0	0	0	0	0	0	0	0	0	
331.284967	8	3	3	0	1	2	2	3968	675	24	19877	3	1	99	0	0	0	0	0	0	0	0	0	0	0	0	0	0	
332.291517	8	3	3	0	1	2	2	3972	674	24	19938	3	1	99	0	0	0	0	0	0	0	0	0	0	0	0	0	0	
333.295200	8	3	3	0	1	2	2	3976	676	24	19998	3	1	99	0	0	0	0	0	0	0	0	0	0	0	0	0	0	
334.283033	8	3	3	0	1	2	2	3980	674	24	20057	3	1	99	0	0	0	0	0	0	0	0	0	0	0	0	0	0	
335.289600	8	3	3	0	1	2	2	3984	675	24	20118	3	1	99	0	0	0	0	0	0	0	0	0	0	0	0	0	0	
336.291833	8	3	3	0	1	2	2	3989	675	24	20178	3	1	99	0	0	0	0	0	0	0	0	0	0	0	0	0	0	
337.279683	8	3	3	0	1	2	2	3992	675	24	20237	3	1	99	0	0	0	0	0	0	0	0	0	0	0	0	0	0	
338.283367	8	3	3	0	1	2	2	3997	675	24	20297	3	1	99	0	0	0	0	0	0	0	0	0	0	0	0	0	0	
339.289917	8	3	3	0	1	2	2	4001	673	24	20358	3	1	99	0	0	0	0	0	0	0	0	0	0	0	0	0	0	
340.295033	8	3	3	0	1	2	2	4006	675	24	20418	3	1	99	0	0	0	0	0	0	0	0	0	0	0	0	0	0	
341.281433	8	3	3	0	1	2	2	4011	674	24	20477	3	1	99	0	0	0	0	0	0	0	0	0	0	0	0	0	0	
342.286567	8	3	3	0	1	2	2	4015	674	24	20537	3	1	99	0	0	0	0	0	0	0	0	0	0	0	0	0	0	
343.293117	8	3	3	0	1	2	2	4020	676	24	20598	3	1	99	0	0	0	0	0	0	0	0	0	0	0	0	0	0	
344.278083	8	3	3	0	1	2	2	4025	675	24	20657	3	1	99	0	0	0	0	0	0	0	0	0	0	0	0	0	0	
345.284633	8	3	3	0	1	2	2	4030	675	24	20717	3	1	99	0	0	0	0	0	0	0	0	0	0	0	0	0	0	
346.289767	8	3	3	0	1	2	2	4035	675	24	20778	3	1	99	0	0	0	0	0	0	0	0	0	0	0	0	0	0	
347.294883	8	3	3	0	1	2	2	4040	674	24	20838	3	1	99	0	0	0	0	0	0	0	0	0	0	0	0	0	0	
348.281283	8	3	3	0	1	2	2	4045	675	24	20897	3	1	99	0	0	0	0	0	0	0	0	0	0	0	0	0	0	
349.289283	8	3	3	0	1	2	2	4050	675	24	20957	3	1	99	0	0	0	0	0	0	0	0	0	0	0	0	0	0	
350.291517	8	3	3	0	1	2	2	4055	673	24	21018	3	1	99	0	0	0	0	0	0	0	0	0	0	0	0	0	0	
351.279367	8	3	3	0	1	2	2	4061	675	24	21077	3	1	99	0	0	0	0	0	0	0	0	0	0	0	0	0	0	
352.287367	8	3	3	0	1	2	2	4066	674	24	21137	3	1	99	0	0	0	0	0	0	0	0	0	0	0	0	0	0	
353.289600	8	3	3	0	1	2	2	4072	674	24	21198	3	1	99	0	0	0	0	0	0	0	0	0	0	0	0	0	0	
354.294717	8	3	3	0	1	2	2	4077	674	24	21258	3	1	99	0	0	0	0	0	0	0	0	0	0	0	0	0	0	
355.281117	8	3	3	0	1	2	2	4083	675	24	21317	3	1	99	0	0	0	0	0	0	0	0	0	0	0	0	0	0	
356.286233	8	3	3	0	1	2	2	4089	674	24	21377	3	1	99	0	0	0	0	0	0	0	0	0	0	0	0	0	0	
357.292800	8	3	3	0	1	2	2	4095	674	24	21438	3	1	99	0	0	0	0	0	0	0	0	0	0	0	0	0	0	
358.296483	8	3	3	0	1	2	2	4101	674	24	21498	3	1	99	0	0	0	0	0	0	0	0	0	0	0	0	0	0	
359.284317	8	3	3	0	1	2	2	4108	674	24	21557	3	1	99	0	0	0	0	0	0	0	0	0	0	0	0	0	0	
360.292317	8	3	3	0	1	2	2	4114	675	24	21618	3	1	99	0	0	0	0	0	0	0	0	0	0	0	0	0	0	
361.294567	8	3	3	0	1	2	2	4120	666	24	21678	3	1	99	0	0	0	0	0	0	0	0	0	0	0	0	0	0	
362.280967	8	3	3	0	1	2	2	4126	664	24	21737	3	1	99	0	0	0	0	0	0	0	0	0	0	0	0	0	0	
363.288967	8	3	3	0	1	2	2	4132	664	24	21797	3	1	99	0	0	0	0	0	0	0	0	0	0	0	0	0	0	
364.291200	8	3	3	0	1	2	2	4139	663	24	21858	3	1	99	0	0	0	0	0	0	0	0	0	0	0	0	0	0	
365.297767	8	3	3	0	1	2	2	4145	661	24	21918	3	1	99	0	0	0	0	0	0	0	0	0	0	0	0	0	0	
366.284167	8	3	3	0	1	2	2	4152	661	24	21977	3	1	99	0	0	0	0	0	0	0	0	0	0	0	0	0	0	
367.289283	8	3	3	0	1	2	2	4159	659	24	22038	3	1	99	0	0	0	0	0	0	0	0	0	0	0	0	0	0	
368.295833	8	3	3	0	1	2	2	4166	659	24	22098	3	1	99	0	0	0	0	0	0	0	0	0	0	0	0	0	0	
369.280800	8	3	3	0	1	2	2	4173	658	24	22157	3	1	99	0	0	0	0	0	0	0	0	0	0	0	0	0	0	
370.287367	8	3	3	0	1	2	2	4180	657	24	22217	3	1	99	0	0	0	0	0	0	0	0	0	0	0	0	0	0	
371.292483	8	3	3	0	1	2	2	4188	655	24	22278	3	1	99	0	0	0	0	0	0	0	0	0	0	0	0	0	0	
372.296167	8	3	3	0	1	2	2	4195	654	24	22338	3	1	99	0	0	0	0	0	0	0	0	0	0	0	0	0	0	
373.284000	8	3	3	0	1	2	2	4203	653	24	22397	3	1	99	0	0	0	0	0	0	0	0	0	0	0	0	0	0	
374.290567	8	3	3	0	1	2	2	4204	601	24	22457	3	1	99	0	0	0	0	0	0	0	0	0	0	0	0	0	0	
375.294233	8	3	3	0	1	2	2	4204	560	24	22518	3	1	99	0	0	0	0	0	0	0	0	0	0	0	0	0	0	
376.282083	8	3	3	0	1	2	2	4204	525	24	22577	3	1	99	0	0	0	0	0	0	0	0	0	0	0	0	0	0	
377.288633	8	3	3	0	1	2	2	4204	493	24	22637	3	1	99	0	0	0	0	0	0	0	0	0	0	0	0	0	0	
378.292317	8	3	3	0	1	2	2	4204	461	24	22698	3	1	99	0	0	0	0	0	0	0	0	0	0	0	0	0	0	
379.297433	8	3	3	0	1	2	2	4204	433	24	22758	3	1	99	0	0	0	0	0	0	0	0	0	0	0	0	0	0	
380.283833	8	3	3	0	1	2	2	4204	407	24	22817	3	1	99	0	0	0	0	0	0	0	0	0	0	0	0	0	0	
381.288967	8	3	3	0	1	2	2	4204	382	24	22877	3	1	99	0	0	0	0	0	0	0	0	0	0	0	0	0	0	
382.295517	8	3	3	0	1	2	2	4204	359	24	22938	3	1	99	0	0	0	0	0	0	0	0	0	0	0	0	0	0	
383.280483	8	3	3	0	1	2	2	4204	336	24	22997	3	1	99	0	0	0	0	0	0	0	0	0	0	0	0	0	0	
384.287033	8	3	3	0	1	2	2	4204	317	24	23057	3	1	99	0	0	0	0	0	0	0	0	0	0	0	0	0	0	
385.297917	8	3	3	0	1	2	2	4204	297	24	23118	3	1	99	0	0	0	0	0	0	0	0	0	0	0	0	0	0	
386.287200	8	3	3	0	1	2	2	4204	278	24	23177	3	1	99	0	0	0	0	0	0	0	0	0	0	0	0	0	0	
387.292317	8	3	3	0	1	2	2	4204	263	24	23238	3	1	99	0	0	0	0	0	0	0	0	0	0	0	0	0	0	
388.300317	8	3	3	0	1	2	2	4204	247	24	23298	3	1	99	0	0	0	0	0	0	0	0	0	0	0	0	0	0	
389.283833	8	3	3	0	1	2	2	4204	233	24	23357	3	1	99	0	0	0	0	0	0	0	0	0	0	0	0	0	0	
390.290400	8	3	3	0	1	2	2	4204	220	24	23417	3	1	99	0	0	0	0	0	0	0	0	0	0	0	0	0	0	
391.296967	8	3	3	0	1	2	2	4204	209	24	23478	3	1	99	0	0	0	0	0	0	0	0	0	0	0	0	0	0	
392.299200	8	3	3	0	1	2	2	4204	196	24	23538	3	1	99	0	0	0	0	0	0	0	0	0	0	0	0	0	0	
393.288483	8	3	3	0	1	2	2	4204	185	24	23597	3	1	99	0	0	0	0	0	0	0	0	0	0	0	0	0	0	
394.292167	8	3	3	0	1	2	2	4204	176	24	23658	3	1	99	0	0	0	0	0	0	0	0	0	0	0	0	0	0	
395.297283	8	3	3	0	1	2	2	4204	166	24	23718	3	1	99	0	0	0	0	0	0	0	0	0	0	0	0	0	0	
396.286567	8	3	3	0	1	2	2	4204	156	24	23777	3	1	99	0	0	0	0	0	0	0	0	0	0	0	0	0	0	
397.288800	8	3	3	0	1	2	2	4204	148	24	23837	3	1	99	0	0	0	0	0	0	0	0	0	0	0	0	0	0	
398.295367	8	3	3	0	1	2	2	4204	140	24	23898	3	1	99	0	0	0	0	0	0	0	0	0	0	0	0	0	0	
399.301917	8	3	3	0	1	2	2	4204	131	24	23958	3	1	99	0	0	0	0	0	0	0	0	0	0	0	0	0	0	
400.286883	8	3	3	0	1	2	2	4204	125	24	24017	3	1	99	0	0	0	0	0	0	0	0	0	0	0	0	0	0	
401.292000	8	3	3	0	1	2	2	4204	119	24	24077	3	1	99	0	0	0	0	0	0	0	0	0	0	0	0	0	0	
402.300000	8	3	3	0	1	2	2	4204	113	24	24138	3	1	99	0	0	0	0	0	0	0	0	0	0	0	0	0	0	
403.283517	8	3	3	0	1	2	2	4204	107	24	24197	3	1	99	0	0	0	0	0	0	0	0	0	0	0	0	0	0	
404.290083	8	3	3	0	1	2	2	4204	100	24	24257	3	1	99	0	0	0	0	0	0	0	0	0	0	0	0	0	0	
405.293767	8	3	3	0	1	2	2	4204	96	24	24318	3	1	99	0	0	0	0	0	0	0	0	0	0	0	0	0	0	
406.300317	8	3	3	0	1	2	2	4204	93	24	24378	3	1	99	0	0	0	0	0	0	0	0	0	0	0	0	0	0	
407.289600	8	3	3	0	1	2	2	4204	88	24	24437	3	1	99	0	0	0	0	0	0	0	0	0	0	0	0	0	0	
408.291833	8	3	3	0	1	2	2	4204	83	24	24497	3	1	99	0	0	0	0	0	0	0	0	0	0	0	0	0	0	
409.296967	8	3	3	0	1	2	2	4204	78	24	24558	3	1	99	0	0	0	0	0	0	0	0	0	0	0	0	0	0	
410.286233	8	3	3	0	1	2	2	4204	75	24	24617	3	1	99	0	0	0	0	0	0	0	0	0	0	0	0	0	0	
411.288483	8	3	3	0	1	2	2	4204	71	24	24677	3	1	99	0	0	0	0	0	0	0	0	0	0	0	0	0	0	
412.295033	8	3	3	0	1	2	2	4204	69	24	24738	3	1	99	0	0	0	0	0	0	0	0	0	0	0	0	0	0	
412.804800	8	6	3	0	2	7	1	4171	-332	24	24768	3	2	0	0	0	0	0	0	0	0	0	0	0	0	0	0	0	
413.301600	8	6	3	0	2	7	1	4108	-674	24	24798	3	2	0	0	0	0	0	0	0	0	0	0	0	0	0	0	0	
414.288000	8	6	3	0	2	7	1	4085	-674	24	24857	3	2	1	0	0	0	0	0	0	0	0	0	0	0	0	0	0	
415.294567	8	6	3	0	2	7	1	4071	-674	24	24918	3	2	1	0	0	0	0	0	0	0	0	0	0	0	0	0	0	
416.299683	8	6	3	0	2	7	1	4061	-674	24	24978	3	2	2	0	0	0	0	0	0	0	0	0	0	0	0	0	0	
417.286083	8	6	3	0	2	7	1	4051	-674	25	25037	3	2	3	0	0	0	0	0	0	0	0	0	0	0	0	0	0	
418.291200	8	6	3	0	2	7	1	4042	-675	25	25097	3	2	4	0	0	0	0	0	0	0	0	0	0	0	0	0	0	
419.299200	8	6	3	0	2	7	1	4033	-675	24	25158	3	2	5	0	0	0	0	0	0	0	0	0	0	0	0	0	0	
420.301433	8	6	3	0	2	7	1	4024	-674	25	25218	3	2	6	0	0	0	0	0	0	0	0	0	0	0	0	0	0	
421.289283	8	6	3	0	2	7	1	4016	-677	24	25277	3	2	6	0	0	0	0	0	0	0	0	0	0	0	0	0	0	
422.292967	8	6	3	0	2	7	1	4007	-674	25	25338	3	2	7	0	0	0	0	0	0	0	0	0	0	0	0	0	0	
423.299517	8	6	3	0	2	7	1	3999	-675	25	25398	3	2	8	0	0	0	0	0	0	0	0	0	0	0	0	0	0	
424.287367	8	6	3	0	2	7	1	3991	-675	25	25457	3	2	9	0	0	0	0	0	0	0	0	0	0	0	0	0	0	
425.291033	8	6	3	0	2	7	1	3983	-675	25	25517	3	2	10	0	0	0	0	0	0	0	0	0	0	0	0	0	0	
426.296167	8	6	3	0	2	7	1	3975	-674	25	25578	3	2	11	0	0	0	0	0	0	0	0	0	0	0	0	0	0	
427.302717	8	6	3	0	2	7	1	3967	-673	25	25638	3	2	11	0	0	0	0	0	0	0	0	0	0	0	0	0	0	
428.287683	8	6	3	0	2	7	1	3960	-675	25	25697	3	2	12	0	0	0	0	0	0	0	0	0	0	0	0	0	0	
429.294233	8	6	3	0	2	7	1	3952	-675	25	25757	3	2	13	0	0	0	0	0	0	0	0	0	0	0	0	0	0	
430.299367	8	6	3	0	2	7	1	3945	-673	25	25818	3	2	14	0	0	0	0	0	0	0	0	0	0	0	0	0	0	
431.285767	8	6	3	0	2	7	1	3937	-674	25	25877	3	2	15	0	0	0	0	0	0	0	0	0	0	0	0	0	0	
432.290883	8	6	3	0	2	7	1	3930	-674	25	25937	3	2	15	0	0	0	0	0	0	0	0	0	0	0	0	0	0	
433.297433	8	6	3	0	2	7	1	3922	-674	25	25998	3	2	16	0	0	0	0	0	0	0	0	0	0	0	0	0	0	
434.304000	8	6	3	0	2	7	1	3915	-673	25	26058	3	2	17	0	0	0	0	0	0	0	0	0	0	0	0	0	0	
435.288967	8	6	3	0	2	7	1	3908	-675	25	26117	3	2	18	0	0	0	0	0	0	0	0	0	0	0	0	0	0	
436.295517	8	6	3	0	2	7	1	3901	-675	25	26177	3	2	19	0	0	0	0	0	0	0	0	0	0	0	0	0	0	
437.299200	8	6	3	0	2	7	1	3895	-674	25	26238	3	2	20	0	0	0	0	0	0	0	0	0	0	0	0	0	0	
438.285600	8	6	3	0	2	7	1	3888	-675	25	26297	3	2	20	0	0	0	0	0	0	0	0	0	0	0	0	0	0	
439.293600	8	6	3	0	2	7	1	3881	-674	25	26357	3	2	21	0	0	0	0	0	0	0	0	0	0	0	0	0	0	
440.295833	8	6	3	0	2	7	1	3874	-675	25	26418	3	2	22	0	0	0	0	0	0	0	0	0	0	0	0	0	0	
441.302400	8	6	3	0	2	7	1	3868	-674	25	26478	3	2	23	0	0	0	0	0	0	0	0	0	0	0	0	0	0	
442.287367	8	6	3	0	2	7	1	3862	-675	25	26537	3	2	24	0	0	0	0	0	0	0	0	0	0	0	0	0	0	
443.293917	8	6	3	0	2	7	1	3856	-675	25	26597	3	2	25	0	0	0	0	0	0	0	0	0	0	0	0	0	0	
444.299033	8	6	3	0	2	7	1	3850	-674	25	26658	3	2	25	0	0	0	0	0	0	0	0	0	0	0	0	0	0	
445.285433	8	6	3	0	2	7	1	3844	-675	25	26717	3	2	26	0	0	0	0	0	0	0	0	0	0	0	0	0	0	
446.290567	8	6	3	0	2	7	1	3839	-675	25	26777	3	2	27	0	0	0	0	0	0	0	0	0	0	0	0	0	0	
447.297117	8	6	3	0	2	7	1	3833	-674	25	26838	3	2	28	0	0	0	0	0	0	0	0	0	0	0	0	0	0	
448.305117	8	6	3	0	2	7	1	3827	-674	25	26898	3	2	29	0	0	0	0	0	0	0	0	0	0	0	0	0	0	
449.288633	8	6	3	0	2	7	1	3822	-674	25	26957	3	2	29	0	0	0	0	0	0	0	0	0	0	0	0	0	0	
450.293767	8	6	3	0	2	7	1	3816	-674	25	27017	3	2	30	0	0	0	0	0	0	0	0	0	0	0	0	0	0	
451.301767	8	6	3	0	2	7	1	3811	-676	25	27078	3	2	31	0	0	0	0	0	0	0	0	0	0	0	0	0	0	
452.304000	8	6	3	0	2	7	1	3805	-675	25	27138	3	2	32	0	0	0	0	0	0	0	0	0	0	0	0	0	0	
453.291833	8	6	3	0	2	7	1	3800	-674	25	27197	3	2	33	0	0	0	0	0	0	0	0	0	0	0	0	0	0	
454.299833	8	6	3	0	2	7	1	3795	-675	25	27258	3	2	34	0	0	0	0	0	0	0	0	0	0	0	0	0	0	
455.302083	8	6	3	0	2	7	1	3790	-676	25	27318	3	2	34	0	0	0	0	0	0	0	0	0	0	0	0	0	0	
456.289917	8	6	3	0	2	7	1	3785	-674	25	27377	3	2	35	0	0	0	0	0	0	0	0	0	0	0	0	0	0	
457.293600	8	6	3	0	2	7	1	3780	-674	25	27437	3	2	36	0	0	0	0	0	0	0	0	0	0	0	0	0	0	
458.298717	8	6	3	0	2	7	1	3775	-676	25	27498	3	2	37	0	0	0	0	0	0	0	0	0	0	0	0	0	0	
459.305283	8	6	3	0	2	7	1	3771	-674	25	27558	3	2	38	0	0	0	0	0	0	0	0	0	0	0	0	0	0	
460.291683	8	6	3	0	2	7	1	3766	-676	25	27617	3	2	38	0	0	0	0	0	0	0	0	0	0	0	0	0	0	
461.296800	8	6	3	0	2	7	1	3761	-676	25	27678	3	2	39	0	0	0	0	0	0	0	0	0	0	0	0	0	0	
462.304800	8	6	3	0	2	7	1	3756	-674	25	27738	3	2	40	0	0	0	0	0	0	0	0	0	0	0	0	0	0	
463.288317	8	6	3	0	2	7	1	3752	-675	25	27797	3	2	41	0	0	0	0	0	0	0	0	0	0	0	0	0	0	
464.294883	8	6	3	0	2	7	1	3748	-675	25	27857	3	2	42	0	0	0	0	0	0	0	0	0	0	0	0	0	0	
465.301433	8	6	3	0	2	7	1	3743	-676	25	27918	3	2	43	0	0	0	0	0	0	0	0	0	0	0	0	0	0	
466.303683	8	6	3	0	2	7	1	3739	-675	25	27978	3	2	43	0	0	0	0	0	0	0	0	0	0	0	0	0	0	
467.291517	8	6	3	0	2	7	1	3735	-674	25	28037	3	2	44	0	0	0	0	0	0	0	0	0	0	0	0	0	0	
468.299517	8	6	3	0	2	7	1	3731	-674	25	28097	3	2	45	0	0	0	0	0	0	0	0	0	0	0	0	0	0	
469.301767	8	6	3	0	2	7	1	3727	-674	25	28158	3	2	46	0	0	0	0	0	0	0	0	0	0	0	0	0	0	
470.289600	8	6	3	0	2	7	1	3723	-674	25	28217	3	2	47	0	0	0	0	0	0	0	0	0	0	0	0	0	0	
471.296167	8	6	3	0	2	7	1	3719	-675	25	28277	3	2	47	0	0	0	0	0	0	0	0	0	0	0	0	0	0	
472.299833	8	6	3	0	2	7	1	3715	-674	25	28338	3	2	48	0	0	0	0	0	0	0	0	0	0	0	0	0	0	
473.304967	8	6	3	0	2	7	1	3711	-674	25	28398	3	2	49	0	0	0	0	0	0	0	0	0	0	0	0	0	0	
474.291367	8	6	3	0	2	7	1	3708	-674	25	28457	3	2	50	0	0	0	0	0	0	0	0	0	0	0	0	0	0	
475.296483	8	6	3	0	2	7	1	3704	-676	25	28517	3	2	51	0	0	0	0	0	0	0	0	0	0	0	0	0	0	
476.303033	8	6	3	0	2	7	1	3700	-675	25	28578	3	2	52	0	0	0	0	0	0	0	0	0	0	0	0	0	0	
477.288000	8	6	3	0	2	7	1	3697	-674	25	28637	3	2	52	0	0	0	0	0	0	0	0	0	0	0	0	0	0	
478.294567	8	6	3	0	2	7	1	3693	-674	25	28697	3	2	53	0	0	0	0	0	0	0	0	0	0	0	0	0	0	
479.299683	8	6	3	0	2	7	1	3690	-676	25	28758	3	2	54	0	0	0	0	0	0	0	0	0	0	0	0	0	0	
480.307683	8	6	3	0	2	7	1	3687	-676	25	28818	3	2	55	0	0	0	0	0	0	0	0	0	0	0	0	0	0	
481.291200	8	6	3	0	2	7	1	3684	-675	25	28877	3	2	56	0	0	0	0	0	0	0	0	0	0	0	0	0	0	
482.299200	8	6	3	0	2	7	1	3681	-674	25	28937	3	2	57	0	0	0	0	0	0	0	0	0	0	0	0	0	0	
483.301433	8	6	3	0	2	7	1	3678	-673	25	28998	3	2	57	0	0	0	0	0	0	0	0	0	0	0	0	0	0	
484.308000	8	6	3	0	2	7	1	3675	-675	25	29058	3	2	58	0	0	0	0	0	0	0	0	0	0	0	0	0	0	
485.297283	8	6	3	0	2	7	1	3672	-675	25	29117	3	2	59	0	0	0	0	0	0	0	0	0	0	0	0	0	0	
486.299517	8	6	3	0	2	7	1	3669	-676	25	29178	3	2	60	0	0	0	0	0	0	0	0	0	0	0	0	0	0	
487.304633	8	6	3	0	2	7	1	3666	-675	25	29238	3	2	61	0	0	0	0	0	0	0	0	0	0	0	0	0	0	
488.291033	8	6	3	0	2	7	1	3663	-674	25	29297	3	2	61	0	0	0	0	0	0	0	0	0	0	0	0	0	0	
489.296167	8	6	3	0	2	7	1	3661	-675	25	29357	3	2	62	0	0	0	0	0	0	0	0	0	0	0	0	0	0	
490.302717	8	6	3	0	2	7	1	3658	-675	25	29418	3	2	63	0	0	0	0	0	0	0	0	0	0	0	0	0	0	
491.306400	8	6	3	0	2	7	1	3655	-675	25	29478	3	2	64	0	0	0	0	0	0	0	0	0	0	0	0	0	0	
492.294233	8	6	3	0	2	7	1	3652	-674	25	29537	3	2	65	0	0	0	0	0	0	0	0	0	0	0	0	0	0	
493.299367	8	6	3	0	2	7	1	3649	-676	25	29598	3	2	66	0	0	0	0	0	0	0	0	0	0	0	0	0	0	
494.304483	8	6	3	0	2	7	1	3646	-674	25	29658	3	2	66	0	0	0	0	0	0	0	0	0	0	0	0	0	0	
495.290883	8	6	3	0	2	7	1	3643	-675	25	29717	3	2	67	0	0	0	0	0	0	0	0	0	0	0	0	0	0	
496.298883	8	6	3	0	2	7	1	3640	-675	25	29777	3	2	68	0	0	0	0	0	0	0	0	0	0	0	0	0	0	
497.301117	8	6	3	0	2	7	1	3637	-675	25	29838	3	2	69	0	0	0	0	0	0	0	0	0	0	0	0	0	0	
498.307683	8	6	3	0	2	7	1	3634	-674	25	29898	3	2	70	0	0	0	0	0	0	0	0	0	0	0	0	0	0	
499.292633	8	6	3	0	2	7	1	3631	-674	25	29957	3	2	71	0	0	0	0	0	0	0	0	0	0	0	0	0	0	
500.299200	8	6	3	0	2	7	1	3628	-675	25	30017	3	2	71	0	0	0	0	0	0	0	0	0	0	0	0	0	0	
501.304317	8	6	3	0	2	7	1	3625	-672	25	30078	3	2	72	0	0	0	0	0	0	0	0	0	0	0	0	0	0	
502.290717	8	6	3	0	2	7	1	3622	-674	25	30137	3	2	73	0	0	0	0	0	0	0	0	0	0	0	0	0	0	
503.295833	8	6	3	0	2	7	1	3618	-675	25	30197	3	2	74	0	0	0	0	0	0	0	0	0	0	0	0	0	0	
504.302400	8	6	3	0	2	7	1	3616	-674	25	30258	3	2	75	0	0	0	0	0	0	0	0	0	0	0	0	0	0	
505.306083	8	6	3	0	2	7	1	3612	-675	25	30318	3	2	75	0	0	0	0	0	0	0	0	0	0	0	0	0	0	
506.293917	8	6	3	0	2	7	1	3610	-674	25	30377	3	2	76	0	0	0	0	0	0	0	0	0	0	0	0	0	0	
507.301917	8	6	3	0	2	7	1	3607	-675	25	30437	3	2	77	0	0	0	0	0	0	0	0	0	0	0	0	0	0	
508.304167	8	6	3	0	2	7	1	3604	-674	25	30498	3	2	78	0	0	0	0	0	0	0	0	0	0	0	0	0	0	
509.292000	8	6	3	0	2	7	1	3601	-676	25	30557	3	2	79	0	0	0	0	0	0	0	0	0	0	0	0	0	0	
510.295683	8	6	3	0	2	7	1	3598	-677	25	30617	3	2	80	0	0	0	0	0	0	0	0	0	0	0	0	0	0	
511.300800	8	6	3	0	2	7	1	3596	-674	25	30678	3	2	80	0	0	0	0	0	0	0	0	0	0	0	0	0	0	
512.307367	8	6	3	0	2	7	1	3592	-674	25	30738	3	2	81	0	0	0	0	0	0	0	0	0	0	0	0	0	0	
513.293767	8	6	3	0	2	7	1	3589	-675	25	30797	3	2	82	0	0	0	0	0	0	0	0	0	0	0	0	0	0	
514.298883	8	6	3	0	2	7	1	3586	-673	25	30857	3	2	83	0	0	0	0	0	0	0	0	0	0	0	0	0	0	
515.305433	8	6	3	0	2	7	1	3582	-674	25	30918	3	2	84	0	0	0	0	0	0	0	0	0	0	0	0	0	0	
516.312000	8	6	3	0	2	7	1	3578	-673	25	30978	3	2	85	0	0	0	0	0	0	0	0	0	0	0	0	0	0	
517.296967	8	6	3	0	2	7	1	3574	-673	25	31037	3	2	85	0	0	0	0	0	0	0	0	0	0	0	0	0	0	
518.303517	8	6	3	0	2	7	1	3569	-675	25	31098	3	2	86	0	0	0	0	0	0	0	0	0	0	0	0	0	0	
519.311517	8	6	3	0	2	7	1	3564	-675	25	31158	3	2	87	0	0	0	0	0	0	0	0	0	0	0	0	0	0	
520.295033	8	6	3	0	2	7	1	3558	-674	25	31217	3	2	88	0	0	0	0	0	0	0	0	0	0	0	0	0	0	
521.301600	8	6	3	0	2	7	1	3551	-675	25	31277	3	2	89	0	0	0	0	0	0	0	0	0	0	0	0	0	0	
522.309600	8	6	3	0	2	7	1	3543	-676	25	31338	3	2	89	0	0	0	0	0	0	0	0	0	0	0	0	0	0	
523.293117	8	6	3	0	2	7	1	3533	-672	25	31397	3	2	90	0	0	0	0	0	0	0	0	0	0	0	0	0	0	
524.302567	8	6	3	0	2	7	1	3520	-675	25	31458	3	2	91	0	0	0	0	0	0	0	0	0	0	0	0	0	0	
525.309117	8	6	3	0	2	7	1	3505	-675	25	31518	3	2	92	0	0	0	0	0	0	0	0	0	0	0	0	0	0	
526.294083	8	6	3	0	2	7	1	3486	-673	25	31577	3	2	93	0	0	0	0	0	0	0	0	0	0	0	0	0	0	
527.302083	8	6	3	0	2	7	1	3463	-676	25	31637	3	2	94	0	0	0	0	0	0	0	0	0	0	0	0	0	0	
528.304317	8	6	3	0	2	7	1	3434	-672	25	31698	3	2	94	0	0	0	0	0	0	0	0	0	0	0	0	0	0	
529.309433	8	6	3	0	2	7	1	3398	-675	25	31758	3	2	95	0	0	0	0	0	0	0	0	0	0	0	0	0	0	
530.298717	8	6	3	0	2	7	1	3350	-672	25	31817	3	2	96	0	0	0	0	0	0	0	0	0	0	0	0	0	0	
531.300967	8	6	3	0	2	7	1	3282	-675	25	31877	3	2	97	0	0	0	0	0	0	0	0	0	0	0	0	0	0	
532.307517	8	6	3	0	2	7	1	3178	-673	25	31938	3	2	98	0	0	0	0	0	0	0	0	0	0	0	0	0	0	
533.295367	8	6	3	0	2	7	1	2965	-675	25	31997	3	2	99	0	0	0	0	0	0	0	0	0	0	0	0	0	0	
533.786400	8	15	3	0	1	31	2	2695	24	25	32027	4	2	99	0	0	0	0	0	0	0	0	0	0	0	0	0	0	
533.806567	8	4	3	0	1	3	2	2774	66	25	32028	4	2	99	0	0	0	0	0	0	0	0	0	0	0	0	0	0	
534.303367	8	4	3	0	1	3	2	2949	66	25	32058	4	2	99	0	0	0	0	0	0	0	0	0	0	0	0	0	0	
534.605767	8	3	3	0	1	2	2	3082	678	25	32076	5	2	99	0	0	0	0	0	0	0	0	0	0	0	0	0	0	
535.311367	8	3	3	0	1	2	2	3359	674	25	32118	5	2	99	0	0	0	0	0	0	0	0	0	0	0	0	0	0	
536.296317	8	3	3	0	1	2	2	3495	675	25	32177	5	2	99	0	0	0	0	0	0	0	0	0	0	0	0	0	0	
537.302883	8	3	3	0	1	2	2	3581	674	25	32238	5	2	99	0	0	0	0	0	0	0	0	0	0	0	0	0	0	
538.309433	8	3	3	0	1	2	2	3643	674	25	32298	5	2	99	0	0	0	0	0	0	0	0	0	0	0	0	0	0	
539.294400	8	3	3	0	1	2	2	3691	674	25	32357	5	2	99	0	0	0	0	0	0	0	0	0	0	0	0	0	0	
540.300967	8	3	3	0	1	2	2	3730	674	25	32417	5	2	99	0	0	0	0	0	0	0	0	0	0	0	0	0	0	
541.306083	8	3	3	0	1	2	2	3755	675	25	32478	5	2	99	0	0	0	0	0	0	0	0	0	0	0	0	0	0	
542.311200	8	3	3	0	1	2	2	3766	675	25	32538	5	2	99	0	0	0	0	0	0	0	0	0	0	0	0	0	0	
543.297600	8	3	3	0	1	2	2	3771	674	25	32597	5	2	99	0	0	0	0	0	0	0	0	0	0	0	0	0	0	
544.305600	8	3	3	0	1	2	2	3777	674	25	32657	5	2	99	0	0	0	0	0	0	0	0	0	0	0	0	0	0	
545.307833	8	3	3	0	1	2	2	3782	675	25	32718	5	2	99	0	0	0	0	0	0	0	0	0	0	0	0	0	0	
546.295683	8	3	3	0	1	2	2	3788	674	25	32777	5	2	99	0	0	0	0	0	0	0	0	0	0	0	0	0	0	
547.299367	8	3	3	0	1	2	2	3794	675	25	32837	5	2	99	0	0	0	0	0	0	0	0	0	0	0	0	0	0	
548.305917	8	3	3	0	1	2	2	3799	674	25	32898	5	2	99	0	0	0	0	0	0	0	0	0	0	0	0	0	0	
549.311033	8	3	3	0	1	2	2	3805	674	25	32958	5	2	99	0	0	0	0	0	0	0	0	0	0	0	0	0	0	
550.297433	8	3	3	0	1	2	2	3811	674	25	33017	5	2	99	0	0	0	0	0	0	0	0	0	0	0	0	0	0	
551.302567	8	3	3	0	1	2	2	3817	674	25	33077	5	2	99	0	0	0	0	0	0	0	0	0	0	0	0	0	0	
552.309117	8	3	3	0	1	2	2	3823	674	25	33138	5	2	99	0	0	0	0	0	0	0	0	0	0	0	0	0	0	
553.294083	8	3	3	0	1	2	2	3829	675	25	33197	5	2	99	0	0	0	0	0	0	0	0	0	0	0	0	0	0	
554.300633	8	3	3	0	1	2	2	3835	675	25	33257	5	2	99	0	0	0	0	0	0	0	0	0	0	0	0	0	0	
555.305767	8	3	3	0	1	2	2	3840	675	25	33318	5	2	99	0	0	0	0	0	0	0	0	0	0	0	0	0	0	
556.310883	8	3	3	0	1	2	2	3846	675	25	33378	5	2	99	0	0	0	0	0	0	0	0	0	0	0	0	0	0	
557.297283	8	3	3	0	1	2	2	3850	675	25	33437	5	2	99	0	0	0	0	0	0	0	0	0	0	0	0	0	0	
558.305283	8	3	3	0	1	2	2	3855	675	25	33497	5	2	99	0	0	0	0	0	0	0	0	0	0	0	0	0	0	
559.307517	8	3	3	0	1	2	2	3858	674	25	33558	5	2	99	0	0	0	0	0	0	0	0	0	0	0	0	0	0	
560.295367	8	3	3	0	1	2	2	3861	674	25	33617	5	2	99	0	0	0	0	0	0	0	0	0	0	0	0	0	0	
561.303367	8	3	3	0	1	2	2	3864	675	25	33677	5	2	99	0	0	0	0	0	0	0	0	0	0	0	0	0	0	
562.305600	8	3	3	0	1	2	2	3867	674	25	33738	5	2	99	0	0	0	0	0	0	0	0	0	0	0	0	0	0	
563.310717	8	3	3	0	1	2	2	3870	676	25	33798	5	2	99	0	0	0	0	0	0	0	0	0	0	0	0	0	0	
564.297117	8	3	3	0	1	2	2	3872	675	25	33857	5	2	99	0	0	0	0	0	0	0	0	0	0	0	0	0	0	
565.302233	8	3	3	0	1	2	2	3874	675	25	33917	5	2	99	0	0	0	0	0	0	0	0	0	0	0	0	0	0	
566.308800	8	3	3	0	1	2	2	3876	675	25	33978	5	2	99	0	0	0	0	0	0	0	0	0	0	0	0	0	0	
567.312483	8	3	3	0	1	2	2	3878	674	25	34038	5	2	99	0	0	0	0	0	0	0	0	0	0	0	0	0	0	
568.300317	8	3	3	0	1	2	2	3880	675	25	34097	5	2	99	0	0	0	0	0	0	0	0	0	0	0	0	0	0	
569.308317	8	3	3	0	1	2	2	3882	675	25	34158	5	2	99	0	0	0	0	0	0	0	0	0	0	0	0	0	0	
570.310567	8	3	3	0	1	2	2	3884	675	25	34218	5	2	99	0	0	0	0	0	0	0	0	0	0	0	0	0	0	
571.298400	8	3	3	0	1	2	2	3887	675	25	34277	5	2	99	0	0	0	0	0	0	0	0	0	0	0	0	0	0	
572.304967	8	3	3	0	1	2	2	3889	674	25	34337	5	2	99	0	0	0	0	0	0	0	0	0	0	0	0	0	0	
573.307200	8	3	3	0	1	2	2	3891	674	25	34398	5	2	99	0	0	0	0	0	0	0	0	0	0	0	0	0	0	
574.313767	8	3	3	0	1	2	2	3894	675	25	34458	5	2	99	0	0	0	0	0	0	0	0	0	0	0	0	0	0	
575.298717	8	3	3	0	1	2	2	3896	674	25	34517	5	2	99	0	0	0	0	0	0	0	0	0	0	0	0	0	0	
576.305283	8	3	3	0	1	2	2	3898	675	25	34577	5	2	99	0	0	0	0	0	0	0	0	0	0	0	0	0	0	
577.310400	8	3	3	0	1	2	2	3901	675	25	34638	5	2	99	0	0	0	0	0	0	0	0	0	0	0	0	0	0	
578.296800	8	3	3	0	1	2	2	3903	674	25	34697	5	2	99	0	0	0	0	0	0	0	0	0	0	0	0	0	0	
579.303367	8	3	3	0	1	2	2	3906	675	25	34757	5	2	99	0	0	0	0	0	0	0	0	0	0	0	0	0	0	
580.308483	8	3	3	0	1	2	2	3908	674	25	34818	5	2	99	0	0	0	0	0	0	0	0	0	0	0	0	0	0	
581.312167	8	3	3	0	1	2	2	3911	674	25	34878	5	2	99	0	0	0	0	0	0	0	0	0	0	0	0	0	0	
582.300000	8	3	3	0	1	2	2	3913	675	25	34937	5	2	99	0	0	0	0	0	0	0	0	0	0	0	0	0	0	
583.306567	8	3	3	0	1	2	2	3916	675	25	34997	5	2	99	0	0	0	0	0	0	0	0	0	0	0	0	0	0	
584.313117	8	3	3	0	1	2	2	3918	675	25	35058	5	2	99	0	0	0	0	0	0	0	0	0	0	0	0	0	0	
585.298083	8	3	3	0	1	2	2	3922	675	25	35117	5	2	99	0	0	0	0	0	0	0	0	0	0	0	0	0	0	
586.303200	8	3	3	0	1	2	2	3924	675	25	35177	5	2	99	0	0	0	0	0	0	0	0	0	0	0	0	0	0	
587.311200	8	3	3	0	1	2	2	3927	674	25	35238	5	2	99	0	0	0	0	0	0	0	0	0	0	0	0	0	0	
588.313433	8	3	3	0	1	2	2	3929	674	25	35298	5	2	99	0	0	0	0	0	0	0	0	0	0	0	0	0	0	
589.302717	8	3	3	0	1	2	2	3932	675	25	35357	5	2	99	0	0	0	0	0	0	0	0	0	0	0	0	0	0	
590.304967	8	3	3	0	1	2	2	3935	675	25	35417	5	2	99	0	0	0	0	0	0	0	0	0	0	0	0	0	0	
591.311517	8	3	3	0	1	2	2	3938	674	25	35478	5	2	99	0	0	0	0	0	0	0	0	0	0	0	0	0	0	
592.300800	8	3	3	0	1	2	2	3941	675	25	35537	5	2	99	0	0	0	0	0	0	0	0	0	0	0	0	0	0	
593.303033	8	3	3	0	1	2	2	3945	674	25	35597	5	2	99	0	0	0	0	0	0	0	0	0	0	0	0	0	0	
594.308167	8	3	3	0	1	2	2	3947	675	25	35658	5	2	99	0	0	0	0	0	0	0	0	0	0	0	0	0	0	
595.314717	8	3	3	0	1	2	2	3951	675	25	35718	5	2	99	0	0	0	0	0	0	0	0	0	0	0	0	0	0	
596.299683	8	3	3	0	1	2	2	3954	674	25	35777	5	2	99	0	0	0	0	0	0	0	0	0	0	0	0	0	0	
597.306233	8	3	3	0	1	2	2	3958	674	25	35837	5	2	99	0	0	0	0	0	0	0	0	0	0	0	0	0	0	
598.312800	8	3	3	0	1	2	2	3962	674	25	35898	5	2	99	0	0	0	0	0	0	0	0	0	0	0	0	0	0	
599.315033	8	3	3	0	1	2	2	3965	675	25	35958	5	2	99	0	0	0	0	0	0	0	0	0	0	0	0	0	0	
600.302883	8	3	3	0	1	2	2	3970	675	25	36017	5	2	99	0	0	0	0	0	0	0	0	0	0	0	0	0	0	
601.310883	8	3	3	0	1	2	2	3974	674	25	36078	5	2	99	0	0	0	0	0	0	0	0	0	0	0	0	0	0	
602.313117	8	3	3	0	1	2	2	3977	674	25	36138	5	2	99	0	0	0	0	0	0	0	0	0	0	0	0	0	0	
603.302400	8	3	3	0	1	2	2	3982	674	25	36197	5	2	99	0	0	0	0	0	0	0	0	0	0	0	0	0	0	
604.304633	8	3	3	0	1	2	2	3986	674	25	36257	5	2	99	0	0	0	0	0	0	0	0	0	0	0	0	0	0	
605.311200	8	3	3	0	1	2	2	3990	675	25	36318	5	2	99	0	0	0	0	0	0	0	0	0	0	0	0	0	0	
606.316317	8	3	3	0	1	2	2	3994	674	25	36378	5	2	99	0	0	0	0	0	0	0	0	0	0	0	0	0	0	
607.302717	8	3	3	0	1	2	2	3999	675	25	36437	5	2	99	0	0	0	0	0	0	0	0	0	0	0	0	0	0	
608.307833	8	3	3	0	1	2	2	4003	675	25	36498	5	2	99	0	0	0	0	0	0	0	0	0	0	0	0	0	0	
609.314400	8	3	3	0	1	2	2	4008	676	25	36558	5	2	99	0	0	0	0	0	0	0	0	0	0	0	0	0	0	
610.299367	8	3	3	0	1	2	2	4012	674	25	36617	5	2	99	0	0	0	0	0	0	0	0	0	0	0	0	0	0	
611.305917	8	3	3	0	1	2	2	4017	674	25	36677	5	2	99	0	0	0	0	0	0	0	0	0	0	0	0	0	0	
612.311033	8	3	3	0	1	2	2	4022	675	25	36738	5	2	99	0	0	0	0	0	0	0	0	0	0	0	0	0	0	
613.319033	8	3	3	0	1	2	2	4027	675	25	36798	5	2	99	0	0	0	0	0	0	0	0	0	0	0	0	0	0	
614.302567	8	3	3	0	1	2	2	4032	675	25	36857	5	2	99	0	0	0	0	0	0	0	0	0	0	0	0	0	0	
615.309117	8	3	3	0	1	2	2	4037	674	25	36917	5	2	99	0	0	0	0	0	0	0	0	0	0	0	0	0	0	
616.312800	8	3	3	0	1	2	2	4042	675	25	36978	5	2	99	0	0	0	0	0	0	0	0	0	0	0	0	0	0	
617.300633	8	3	3	0	1	2	2	4047	674	25	37037	5	2	99	0	0	0	0	0	0	0	0	0	0	0	0	0	0	
618.308633	8	3	3	0	1	2	2	4053	675	25	37097	5	2	99	0	0	0	0	0	0	0	0	0	0	0	0	0	0	
619.310883	8	3	3	0	1	2	2	4058	675	25	37158	5	2	99	0	0	0	0	0	0	0	0	0	0	0	0	0	0	
620.316000	8	3	3	0	1	2	2	4063	674	25	37218	5	2	99	0	0	0	0	0	0	0	0	0	0	0	0	0	0	
621.305283	8	3	3	0	1	2	2	4069	675	25	37277	5	2	99	0	0	0	0	0	0	0	0	0	0	0	0	0	0	
622.307517	8	3	3	0	1	2	2	4075	675	25	37337	5	2	99	0	0	0	0	0	0	0	0	0	0	0	0	0	0	
623.314083	8	3	3	0	1	2	2	4081	675	25	37398	5	2	99	0	0	0	0	0	0	0	0	0	0	0	0	0	0	
624.300483	8	3	3	0	1	2	2	4087	674	25	37457	5	2	99	0	0	0	0	0	0	0	0	0	0	0	0	0	0	
625.305600	8	3	3	0	1	2	2	4092	674	25	37517	5	2	99	0	0	0	0	0	0	0	0	0	0	0	0	0	0	
626.312167	8	3	3	0	1	2	2	4098	675	25	37578	5	2	99	0	0	0	0	0	0	0	0	0	0	0	0	0	0	
627.318717	8	3	3	0	1	2	2	4105	675	25	37638	5	2	99	0	0	0	0	0	0	0	0	0	0	0	0	0	0	
628.303683	8	3	3	0	1	2	2	4111	673	25	37697	5	2	99	0	0	0	0	0	0	0	0	0	0	0	0	0	0	
629.310233	8	3	3	0	1	2	2	4117	670	25	37757	5	2	99	0	0	0	0	0	0	0	0	0	0	0	0	0	0	
630.318233	8	3	3	0	1	2	2	4123	665	25	37818	5	2	99	0	0	0	0	0	0	0	0	0	0	0	0	0	0	
631.306083	8	3	3	0	1	2	2	4129	664	25	37877	5	2	99	0	0	0	0	0	0	0	0	0	0	0	0	0	0	
632.312633	8	3	3	0	1	2	2	4136	663	25	37938	5	2	99	0	0	0	0	0	0	0	0	0	0	0	0	0	0	
633.314883	8	3	3	0	1	2	2	4142	665	25	37998	5	2	99	0	0	0	0	0	0	0	0	0	0	0	0	0	0	
634.304167	8	3	3	0	1	2	2	4149	661	25	38057	5	2	99	0	0	0	0	0	0	0	0	0	0	0	0	0	0	
635.307833	8	3	3	0	1	2	2	4156	661	25	38117	5	2	99	0	0	0	0	0	0	0	0	0	0	0	0	0	0	
636.312967	8	3	3	0	1	2	2	4163	661	25	38178	5	2	99	0	0	0	0	0	0	0	0	0	0	0	0	0	0	
637.319517	8	3	3	0	1	2	2	4170	658	25	38238	5	2	99	0	0	0	0	0	0	0	0	0	0	0	0	0	0	
638.304483	8	3	3	0	1	2	2	4177	659	25	38297	5	2	99	0	0	0	0	0	0	0	0	0	0	0	0	0	0	
639.311033	8	3	3	0	1	2	2	4185	657	25	38357	5	2	99	0	0	0	0	0	0	0	0	0	0	0	0	0	0	
640.317600	8	3	3	0	1	2	2	4192	656	25	38418	5	2	99	0	0	0	0	0	0	0	0	0	0	0	0	0	0	
641.302567	8	3	3	0	1	2	2	4200	656	25	38477	5	2	99	0	0	0	0	0	0	0	0	0	0	0	0	0	0	
642.307683	8	3	3	0	1	2	2	4204	626	25	38537	5	2	99	0	0	0	0	0	0	0	0	0	0	0	0	0	0	
643.315683	8	3	3	0	1	2	2	4204	579	25	38598	5	2	99	0	0	0	0	0	0	0	0	0	0	0	0	0	0	
644.317917	8	3	3	0	1	2	2	4204	540	25	38658	5	2	99	0	0	0	0	0	0	0	0	0	0	0	0	0	0	
645.307200	8	3	3	0	1	2	2	4204	504	25	38717	5	2	99	0	0	0	0	0	0	0	0	0	0	0	0	0	0	
646.309433	8	3	3	0	1	2	2	4204	473	25	38777	5	2	99	0	0	0	0	0	0	0	0	0	0	0	0	0	0	
647.316000	8	3	3	0	1	2	2	4204	443	25	38838	5	2	99	0	0	0	0	0	0	0	0	0	0	0	0	0	0	
648.300967	8	3	3	0	1	2	2	4204	416	25	38897	5	2	99	0	0	0	0	0	0	0	0	0	0	0	0	0	0	
649.307517	8	3	3	0	1	2	2	4204	390	25	38957	5	2	99	0	0	0	0	0	0	0	0	0	0	0	0	0	0	
650.312633	8	3	3	0	1	2	2	4204	365	25	39018	5	2	99	0	0	0	0	0	0	0	0	0	0	0	0	0	0	
651.320633	8	3	3	0	1	2	2	4204	342	25	39078	5	2	99	0	0	0	0	0	0	0	0	0	0	0	0	0	0	
652.304167	8	3	3	0	1	2	2	4204	322	25	39137	5	2	99	0	0	0	0	0	0	0	0	0	0	0	0	0	0	
653.310717	8	3	3	0	1	2	2	4204	302	25	39197	5	2	99	0	0	0	0	0	0	0	0	0	0	0	0	0	0	
654.317283	8	3	3	0	1	2	2	4204	283	25	39258	5	2	99	0	0	0	0	0	0	0	0	0	0	0	0	0	0	
655.320967	8	3	3	0	1	2	2	4204	266	25	39318	5	2	99	0	0	0	0	0	0	0	0	0	0	0	0	0	0	
656.308800	8	3	3	0	1	2	2	4204	252	25	39377	5	2	99	0	0	0	0	0	0	0	0	0	0	0	0	0	0	
657.315367	8	3	3	0	1	2	2	4204	236	25	39438	5	2	99	0	0	0	0	0	0	0	0	0	0	0	0	0	0	
658.321917	8	3	3	0	1	2	2	4204	222	25	39498	5	2	99	0	0	0	0	0	0	0	0	0	0	0	0	0	0	
659.306883	8	3	3	0	1	2	2	4204	210	25	39557	5	2	99	0	0	0	0	0	0	0	0	0	0	0	0	0	0	
660.313433	8	3	3	0	1	2	2	4204	196	25	39618	5	2	99	0	0	0	0	0	0	0	0	0	0	0	0	0	0	
661.318567	8	3	3	0	1	2	2	4204	186	25	39678	5	2	99	0	0	0	0	0	0	0	0	0	0	0	0	0	0	
662.304967	8	3	3	0	1	2	2	4204	175	25	39737	5	2	99	0	0	0	0	0	0	0	0	0	0	0	0	0	0	
663.310083	8	3	3	0	1	2	2	4204	165	25	39797	5	2	99	0	0	0	0	0	0	0	0	0	0	0	0	0	0	
664.308000	8	3	3	0	1	2	2	4204	156	25	39857	5	2	99	0	0	0	0	0	0	0	0	0	0	0	0	0	0	
665.313117	8	3	3	0	1	2	2	4204	148	25	39918	5	2	99	0	0	0	0	0	0	0	0	0	0	0	0	0	0	
666.319683	8	3	3	0	1	2	2	4204	139	25	39978	5	2	99	0	0	0	0	0	0	0	0	0	0	0	0	0	0	
667.304633	8	3	3	0	1	2	2	4204	132	25	40037	5	2	99	0	0	0	0	0	0	0	0	0	0	0	0	0	0	
668.311200	8	3	3	0	1	2	2	4204	123	25	40097	5	2	99	0	0	0	0	0	0	0	0	0	0	0	0	0	0	
669.317767	8	3	3	0	1	2	2	4204	118	25	40158	5	2	99	0	0	0	0	0	0	0	0	0	0	0	0	0	0	
670.321433	8	3	3	0	1	2	2	4204	111	25	40218	5	2	99	0	0	0	0	0	0	0	0	0	0	0	0	0	0	
671.307833	8	3	3	0	1	2	2	4204	104	25	40277	5	2	99	0	0	0	0	0	0	0	0	0	0	0	0	0	0	
672.315833	8	3	3	0	1	2	2	4204	99	25	40338	5	2	99	0	0	0	0	0	0	0	0	0	0	0	0	0	0	
673.318083	8	3	3	0	1	2	2	4204	93	25	40398	5	2	99	0	0	0	0	0	0	0	0	0	0	0	0	0	0	
674.305917	8	3	3	0	1	2	2	4204	89	25	40457	5	2	99	0	0	0	0	0	0	0	0	0	0	0	0	0	0	
675.309600	8	3	3	0	1	2	2	4204	85	25	40517	5	2	99	0	0	0	0	0	0	0	0	0	0	0	0	0	0	
676.316167	8	3	3	0	1	2	2	4204	80	25	40578	5	2	99	0	0	0	0	0	0	0	0	0	0	0	0	0	0	
677.322717	8	3	3	0	1	2	2	4204	75	25	40638	5	2	99	0	0	0	0	0	0	0	0	0	0	0	0	0	0	
678.307683	8	3	3	0	1	2	2	4204	71	25	40697	5	2	99	0	0	0	0	0	0	0	0	0	0	0	0	0	0	
679.314233	8	3	3	0	1	2	2	4204	68	25	40757	5	2	99	0	0	0	0	0	0	0	0	0	0	0	0	0	0	
679.936317	8	6	3	0	2	7	1	4139	-673	25	40795	5	3	0	0	0	0	0	0	0	0	0	0	0	0	0	0	0	
680.320800	8	6	3	0	2	7	1	4115	-676	25	40818	5	3	0	0	0	0	0	0	0	0	0	0	0	0	0	0	0	
681.307200	8	6	3	0	2	7	1	4090	-673	25	40877	5	3	1	0	0	0	0	0	0	0	0	0	0	0	0	0	0	
682.312317	8	6	3	0	2	7	1	4076	-675	25	40937	5	3	1	0	0	0	0	0	0	0	0	0	0	0	0	0	0	
683.318883	8	6	3	0	2	7	1	4066	-676	25	40998	5	3	2	0	0	0	0	0	0	0	0	0	0	0	0	0	0	
684.303833	8	6	3	0	2	7	1	4056	-675	25	41057	5	3	3	0	0	0	0	0	0	0	0	0	0	0	0	0	0	
685.310400	8	6	3	0	2	7	1	4047	-673	25	41117	5	3	4	0	0	0	0	0	0	0	0	0	0	0	0	0	0	
686.315517	8	6	3	0	2	7	1	4038	-674	25	41178	5	3	5	0	0	0	0	0	0	0	0	0	0	0	0	0	0	
687.323517	8	6	3	0	2	7	1	4029	-675	25	41238	5	3	6	0	0	0	0	0	0	0	0	0	0	0	0	0	0	
688.307033	8	6	3	0	2	7	1	4021	-674	25	41297	5	3	6	0	0	0	0	0	0	0	0	0	0	0	0	0	0	
689.315033	8	6	3	0	2	7	1	4013	-673	25	41357	5	3	7	0	0	0	0	0	0	0	0	0	0	0	0	0	0	
690.317283	8	6	3	0	2	7	1	4004	-676	25	41418	5	3	8	0	0	0	0	0	0	0	0	0	0	0	0	0	0	
691.323833	8	6	3	0	2	7	1	3996	-674	25	41478	5	3	9	0	0	0	0	0	0	0	0	0	0	0	0	0	0	
692.313117	8	6	3	0	2	7	1	3988	-675	25	41537	5	3	10	0	0	0	0	0	0	0	0	0	0	0	0	0	0	
693.315367	8	6	3	0	2	7	1	3980	-676	25	41598	5	3	10	0	0	0	0	0	0	0	0	0	0	0	0	0	0	
694.320483	8	6	3	0	2	7	1	3973	-674	25	41658	5	3	11	0	0	0	0	0	0	0	0	0	0	0	0	0	0	
695.309767	8	6	3	0	2	7	1	3965	-673	25	41717	5	3	12	0	0	0	0	0	0	0	0	0	0	0	0	0	0	
696.312000	8	6	3	0	2	7	1	3957	-675	25	41777	5	3	13	0	0	0	0	0	0	0	0	0	0	0	0	0	0	
697.318567	8	6	3	0	2	7	1	3950	-673	25	41838	5	3	14	0	0	0	0	0	0	0	0	0	0	0	0	0	0	
698.326567	8	6	3	0	2	7	1	3942	-674	25	41898	5	3	15	0	0	0	0	0	0	0	0	0	0	0	0	0	0	
699.310083	8	6	3	0	2	7	1	3935	-673	25	41957	5	3	15	0	0	0	0	0	0	0	0	0	0	0	0	0	0	
700.316633	8	6	3	0	2	7	1	3927	-675	25	42018	5	3	16	0	0	0	0	0	0	0	0	0	0	0	0	0	0	
701.323200	8	6	3	0	2	7	1	3920	-676	25	42078	5	3	17	0	0	0	0	0	0	0	0	0	0	0	0	0	0	
702.306717	8	6	3	0	2	7	1	3913	-674	25	42137	5	3	18	0	0	0	0	0	0	0	0	0	0	0	0	0	0	
703.313283	8	6	3	0	2	7	1	3906	-673	25	42197	5	3	19	0	0	0	0	0	0	0	0	0	0	0	0	0	0	
704.321283	8	6	3	0	2	7	1	3900	-675	25	42258	5	3	19	0	0	0	0	0	0	0	0	0	0	0	0	0	0	
705.323517	8	6	3	0	2	7	1	3893	-675	25	42318	5	3	20	0	0	0	0	0	0	0	0	0	0	0	0	0	0	
706.312800	8	6	3	0	2	7	1	3886	-674	25	42377	5	3	21	0	0	0	0	0	0	0	0	0	0	0	0	0	0	
707.315033	8	6	3	0	2	7	1	3880	-675	25	42437	5	3	22	0	0	0	0	0	0	0	0	0	0	0	0	0	0	
708.321600	8	6	3	0	2	7	1	3873	-674	25	42498	5	3	23	0	0	0	0	0	0	0	0	0	0	0	0	0	0	
709.309433	8	6	3	0	2	7	1	3867	-674	25	42557	5	3	24	0	0	0	0	0	0	0	0	0	0	0	0	0	0	
710.311683	8	6	3	0	2	7	1	3860	-675	25	42617	5	3	24	0	0	0	0	0	0	0	0	0	0	0	0	0	0	
711.318233	8	6	3	0	2	7	1	3855	-675	25	42678	5	3	25	0	0	0	0	0	0	0	0	0	0	0	0	0	0	
712.324800	8	6	3	0	2	7	1	3849	-674	25	42738	5	3	26	0	0	0	0	0	0	0	0	0	0	0	0	0	0	
713.309767	8	6	3	0	2	7	1	3843	-674	25	42797	5	3	27	0	0	0	0	0	0	0	0	0	0	0	0	0	0	
714.316317	8	6	3	0	2	7	1	3837	-676	25	42857	5	3	28	0	0	0	0	0	0	0	0	0	0	0	0	0	0	
715.321433	8	6	3	0	2	7	1	3832	-675	25	42918	5	3	29	0	0	0	0	0	0	0	0	0	0	0	0	0	0	
716.307833	8	6	3	0	2	7	1	3826	-675	25	42977	5	3	29	0	0	0	0	0	0	0	0	0	0	0	0	0	0	
717.312967	8	6	3	0	2	7	1	3821	-675	25	43037	5	3	30	0	0	0	0	0	0	0	0	0	0	0	0	0	0	
718.320967	8	6	3	0	2	7	1	3815	-673	25	43098	5	3	31	0	0	0	0	0	0	0	0	0	0	0	0	0	0	
719.323200	8	6	3	0	2	7	1	3810	-674	25	43158	5	3	32	0	0	0	0	0	0	0	0	0	0	0	0	0	0	
720.312483	8	6	3	0	2	7	1	3805	-673	25	43217	5	3	33	0	0	0	0	0	0	0	0	0	0	0	0	0	0	
721.314717	8	6	3	0	2	7	1	3799	-674	25	43277	5	3	33	0	0	0	0	0	0	0	0	0	0	0	0	0	0	
722.321283	8	6	3	0	2	7	1	3794	-674	25	43338	5	3	34	0	0	0	0	0	0	0	0	0	0	0	0	0	0	
723.326400	8	6	3	0	2	7	1	3789	-674	25	43398	5	3	35	0	0	0	0	0	0	0	0	0	0	0	0	0	0	
724.312800	8	6	3	0	2	7	1	3784	-675	25	43457	5	3	36	0	0	0	0	0	0	0	0	0	0	0	0	0	0	
725.317917	8	6	3	0	2	7	1	3779	-674	25	43518	5	3	37	0	0	0	0	0	0	0	0	0	0	0	0	0	0	
726.324483	8	6	3	0	2	7	1	3775	-675	25	43578	5	3	38	0	0	0	0	0	0	0	0	0	0	0	0	0	0	
727.309433	8	6	3	0	2	7	1	3770	-675	25	43637	5	3	38	0	0	0	0	0	0	0	0	0	0	0	0	0	0	
728.316000	8	6	3	0	2	7	1	3765	-675	25	43697	5	3	39	0	0	0	0	0	0	0	0	0	0	0	0	0	0	
729.324000	8	6	3	0	2	7	1	3761	-674	25	43758	5	3	40	0	0	0	0	0	0	0	0	0	0	0	0	0	0	
730.326233	8	6	3	0	2	7	1	3756	-674	25	43818	5	3	41	0	0	0	0	0	0	0	0	0	0	0	0	0	0	
731.312633	8	6	3	0	2	7	1	3752	-674	25	43877	5	3	42	0	0	0	0	0	0	0	0	0	0	0	0	0	0	
732.320633	8	6	3	0	2	7	1	3747	-674	25	43938	5	3	43	0	0	0	0	0	0	0	0	0	0	0	0	0	0	
733.322883	8	6	3	0	2	7	1	3743	-674	25	43998	5	3	43	0	0	0	0	0	0	0	0	0	0	0	0	0	0	
734.310717	8	6	3	0	2	7	1	3739	-675	25	44057	5	3	44	0	0	0	0	0	0	0	0	0	0	0	0	0	0	
735.314400	8	6	3	0	2	7	1	3735	-674	25	44117	5	3	45	0	0	0	0	0	0	0	0	0	0	0	0	0	0	
736.320967	8	6	3	0	2	7	1	3731	-676	25	44178	5	3	46	0	0	0	0	0	0	0	0	0	0	0	0	0	0	
737.326083	8	6	3	0	2	7	1	3726	-676	25	44238	5	3	47	0	0	0	0	0	0	0	0	0	0	0	0	0	0	
738.312483	8	6	3	0	2	7	1	3723	-675	25	44297	5	3	47	0	0	0	0	0	0	0	0	0	0	0	0	0	0	
739.317600	8	6	3	0	2	7	1	3719	-676	25	44357	5	3	48	0	0	0	0	0	0	0	0	0	0	0	0	0	0	
740.324167	8	6	3	0	2	7	1	3715	-675	26	44418	5	3	49	0	0	0	0	0	0	0	0	0	0	0	0	0	0	
741.309117	8	6	3	0	2	7	1	3711	-673	26	44477	5	3	50	0	0	0	0	0	0	0	0	0	0	0	0	0	0	
742.315683	8	6	3	0	2	7	1	3708	-673	25	44537	5	3	51	0	0	0	0	0	0	0	0	0	0	0	0	0	0	
743.323683	8	6	3	0	2	7	1	3704	-675	25	44598	5	3	52	0	0	0	0	0	0	0	0	0	0	0	0	0	0	
744.325917	8	6	3	0	2	7	1	3700	-674	26	44658	5	3	52	0	0	0	0	0	0	0	0	0	0	0	0	0	0	
745.312317	8	6	3	0	2	7	1	3697	-675	25	44717	5	3	53	0	0	0	0	0	0	0	0	0	0	0	0	0	0	
746.320317	8	6	3	0	2	7	1	3694	-674	25	44777	5	3	54	0	0	0	0	0	0	0	0	0	0	0	0	0	0	
747.322567	8	6	3	0	2	7	1	3691	-673	25	44838	5	3	55	0	0	0	0	0	0	0	0	0	0	0	0	0	0	
748.311833	8	6	3	0	2	7	1	3687	-673	25	44897	5	3	56	0	0	0	0	0	0	0	0	0	0	0	0	0	0	
749.314083	8	6	3	0	2	7	1	3684	-673	25	44957	5	3	56	0	0	0	0	0	0	0	0	0	0	0	0	0	0	
750.320633	8	6	3	0	2	7	1	3681	-673	25	45018	5	3	57	0	0	0	0	0	0	0	0	0	0	0	0	0	0	
751.325767	8	6	3	0	2	7	1	3678	-673	25	45078	5	3	58	0	0	0	0	0	0	0	0	0	0	0	0	0	0	
752.312167	8	6	3	0	2	7	1	3675	-673	25	45137	5	3	59	0	0	0	0	0	0	0	0	0	0	0	0	0	0	
753.318717	8	6	3	0	2	7	1	3672	-675	25	45197	5	3	60	0	0	0	0	0	0	0	0	0	0	0	0	0	0	
754.323833	8	6	3	0	2	7	1	3669	-674	25	45258	5	3	61	0	0	0	0	0	0	0	0	0	0	0	0	0	0	
755.327517	8	6	3	0	2	7	1	3667	-675	25	45318	5	3	61	0	0	0	0	0	0	0	0	0	0	0	0	0	0	
756.315367	8	6	3	0	2	7	1	3664	-675	26	45377	5	3	62	0	0	0	0	0	0	0	0	0	0	0	0	0	0	
757.323367	8	6	3	0	2	7	1	3661	-675	25	45438	5	3	63	0	0	0	0	0	0	0	0	0	0	0	0	0	0	
758.325600	8	6	3	0	2	7	1	3658	-675	26	45498	5	3	64	0	0	0	0	0	0	0	0	0	0	0	0	0	0	
759.313433	8	6	3	0	2	7	1	3655	-675	25	45557	5	3	65	0	0	0	0	0	0	0	0	0	0	0	0	0	0	
760.317117	8	6	3	0	2	7	1	3652	-676	26	45617	5	3	65	0	0	0	0	0	0	0	0	0	0	0	0	0	0	
761.323683	8	6	3	0	2	7	1	3649	-674	25	45678	5	3	66	0	0	0	0	0	0	0	0	0	0	0	0	0	0	
762.328800	8	6	3	0	2	7	1	3647	-676	26	45738	5	3	67	0	0	0	0	0	0	0	0	0	0	0	0	0	0	
763.313767	8	6	3	0	2	7	1	3644	-674	26	45797	5	3	68	0	0	0	0	0	0	0	0	0	0	0	0	0	0	
764.320317	8	6	3	0	2	7	1	3641	-675	25	45858	5	3	69	0	0	0	0	0	0	0	0	0	0	0	0	0	0	
765.328317	8	6	3	0	2	7	1	3637	-673	25	45918	5	3	70	0	0	0	0	0	0	0	0	0	0	0	0	0	0	
766.317600	8	6	3	0	2	7	1	3634	-675	25	45977	5	3	70	0	0	0	0	0	0	0	0	0	0	0	0	0	0	
767.319833	8	6	3	0	2	7	1	3631	-675	25	46037	5	3	71	0	0	0	0	0	0	0	0	0	0	0	0	0	0	
768.324967	8	6	3	0	2	7	1	3628	-676	25	46098	5	3	72	0	0	0	0	0	0	0	0	0	0	0	0	0	0	
769.311367	8	6	3	0	2	7	1	3625	-674	25	46157	5	3	73	0	0	0	0	0	0	0	0	0	0	0	0	0	0	
770.316483	8	6	3	0	2	7	1	3622	-673	25	46217	5	3	74	0	0	0	0	0	0	0	0	0	0	0	0	0	0	
771.323033	8	6	3	0	2	7	1	3618	-674	25	46278	5	3	75	0	0	0	0	0	0	0	0	0	0	0	0	0	0	
772.331033	8	6	3	0	2	7	1	3615	-675	25	46338	5	3	75	0	0	0	0	0	0	0	0	0	0	0	0	0	0	
773.314567	8	6	3	0	2	7	1	3613	-675	25	46397	5	3	76	0	0	0	0	0	0	0	0	0	0	0	0	0	0	
774.321117	8	6	3	0	2	7	1	3610	-675	26	46457	5	3	77	0	0	0	0	0	0	0	0	0	0	0	0	0	0	
775.327683	8	6	3	0	2	7	1	3607	-674	26	46518	5	3	78	0	0	0	0	0	0	0	0	0	0	0	0	0	0	
776.311200	8	6	3	0	2	7	1	3604	-673	26	46577	5	3	79	0	0	0	0	0	0	0	0	0	0	0	0	0	0	
777.317767	8	6	3	0	2	7	1	3601	-675	26	46637	5	3	79	0	0	0	0	0	0	0	0	0	0	0	0	0	0	
778.325767	8	6	3	0	2	7	1	3598	-674	25	46698	5	3	80	0	0	0	0	0	0	0	0	0	0	0	0	0	0	
779.328000	8	6	3	0	2	7	1	3595	-675	26	46758	5	3	81	0	0	0	0	0	0	0	0	0	0	0	0	0	0	
780.317283	8	6	3	0	2	7	1	3592	-675	25	46817	5	3	82	0	0	0	0	0	0	0	0	0	0	0	0	0	0	
781.319517	8	6	3	0	2	7	1	3589	-675	25	46877	5	3	83	0	0	0	0	0	0	0	0	0	0	0	0	0	0	
782.326083	8	6	3	0	2	7	1	3585	-676	26	46938	5	3	84	0	0	0	0	0	0	0	0	0	0	0	0	0	0	
783.331200	8	6	3	0	2	7	1	3581	-676	25	46998	5	3	84	0	0	0	0	0	0	0	0	0	0	0	0	0	0	
784.316167	8	6	3	0	2	7	1	3577	-676	26	47057	5	3	85	0	0	0	0	0	0	0	0	0	0	0	0	0	0	
785.322717	8	6	3	0	2	7	1	3572	-673	26	47118	5	3	86	0	0	0	0	0	0	0	0	0	0	0	0	0	0	
786.327833	8	6	3	0	2	7	1	3567	-675	26	47178	5	3	87	0	0	0	0	0	0	0	0	0	0	0	0	0	0	
787.314233	8	6	3	0	2	7	1	3562	-674	26	47237	5	3	88	0	0	0	0	0	0	0	0	0	0	0	0	0	0	
788.320800	8	6	3	0	2	7	1	3555	-674	26	47297	5	3	89	0	0	0	0	0	0	0	0	0	0	0	0	0	0	
789.325917	8	6	3	0	2	7	1	3547	-673	26	47358	5	3	89	0	0	0	0	0	0	0	0	0	0	0	0	0	0	
790.331033	8	6	3	0	2	7	1	3538	-676	25	47418	5	3	90	0	0	0	0	0	0	0	0	0	0	0	0	0	0	
791.317433	8	6	3	0	2	7	1	3526	-675	25	47477	5	3	91	0	0	0	0	0	0	0	0	0	0	0	0	0	0	
792.324000	8	6	3	0	2	7	1	3511	-675	26	47538	5	3	92	0	0	0	0	0	0	0	0	0	0	0	0	0	0	
793.330567	8	6	3	0	2	7	1	3493	-674	25	47598	5	3	93	0	0	0	0	0	0	0	0	0	0	0	0	0	0	
794.315517	8	6	3	0	2	7	1	3471	-674	26	47657	5	3	93	0	0	0	0	0	0	0	0	0	0	0	0	0	0	
795.322083	8	6	3	0	2	7	1	3443	-675	26	47717	5	3	94	0	0	0	0	0	0	0	0	0	0	0	0	0	0	
796.325767	8	6	3	0	2	7	1	3408	-674	25	47778	5	3	95	0	0	0	0	0	0	0	0	0	0	0	0	0	0	
797.330883	8	6	3	0	2	7	1	3360	-674	26	47838	5	3	96	0	0	0	0	0	0	0	0	0	0	0	0	0	0	
798.320167	8	6	3	0	2	7	1	3295	-674	26	47897	5	3	97	0	0	0	0	0	0	0	0	0	0	0	0	0	0	
799.322400	8	6	3	0	2	7	1	3196	-676	26	47958	5	3	98	0	0	0	0	0	0	0	0	0	0	0	0	0	0	
800.328967	8	6	3	0	2	7	1	3003	-673	25	48018	5	3	98	0	0	0	0	0	0	0	0	0	0	0	0	0	0	
800.913600	8	15	3	0	1	31	2	2758	68	25	48053	6	3	99	0	0	0	0	0	0	0	0	0	0	0	0	0	0	
800.933767	8	4	3	0	1	3	2	2779	67	25	48054	6	3	99	0	0	0	0	0	0	0	0	0	0	0	0	0	0	
801.321117	8	4	3	0	1	3	2	2914	66	26	48077	6	3	99	0	0	0	0	0	0	0	0	0	0	0	0	0	0	
801.790567	8	3	3	0	1	2	2	2996	18	26	48106	7	3	99	0	0	0	0	0	0	0	0	0	0	0	0	0	0	
802.324800	8	3	3	0	1	2	2	3032	14	26	48138	7	3	99	0	0	0	0	0	0	0	0	0	0	0	0	0	0	
803.331367	8	3	3	0	1	2	2	3082	13	26	48198	7	3	99	0	0	0	0	0	0	0	0	0	0	0	0	0	0	
804.317767	8	3	3	0	1	2	2	3116	13	26	48257	7	3	99	0	0	0	0	0	0	0	0	0	0	0	0	0	0	
805.324317	8	3	3	0	1	2	2	3141	13	25	48318	7	3	99	0	0	0	0	0	0	0	0	0	0	0	0	0	0	
806.329433	8	3	3	0	1	2	2	3160	10	26	48378	7	3	99	0	0	0	0	0	0	0	0	0	0	0	0	0	0	
807.315833	8	3	3	0	1	2	2	3175	12	26	48437	7	3	99	0	0	0	0	0	0	0	0	0	0	0	0	0	0	
808.322400	8	3	3	0	1	2	2	3189	12	26	48497	7	3	99	0	0	0	0	0	0	0	0	0	0	0	0	0	0	
809.328967	8	3	3	0	1	2	2	3201	11	26	48558	7	3	99	0	0	0	0	0	0	0	0	0	0	0	0	0	0	
810.331200	8	3	3	0	1	2	2	3211	12	26	48618	7	3	99	0	0	0	0	0	0	0	0	0	0	0	0	0	0	
811.319033	8	3	3	0	1	2	2	3221	12	25	48677	7	3	99	0	0	0	0	0	0	0	0	0	0	0	0	0	0	
812.327033	8	3	3	0	1	2	2	3230	10	26	48738	7	3	99	0	0	0	0	0	0	0	0	0	0	0	0	0	0	
813.329283	8	3	3	0	1	2	2	3238	9	26	48798	7	3	99	0	0	0	0	0	0	0	0	0	0	0	0	0	0	
814.317117	8	3	3	0	1	2	2	3246	9	26	48857	7	3	99	0	0	0	0	0	0	0	0	0	0	0	0	0	0	
815.320800	8	3	3	0	1	2	2	3254	11	26	48917	7	3	99	0	0	0	0	0	0	0	0	0	0	0	0	0	0	
816.327367	8	3	3	0	1	2	2	3261	10	26	48978	7	3	99	0	0	0	0	0	0	0	0	0	0	0	0	0	0	
817.332483	8	3	3	0	1	2	2	3268	11	26	49038	7	3	99	0	0	0	0	0	0	0	0	0	0	0	0	0	0	
818.318883	8	3	3	0	1	2	2	3274	11	25	49097	7	3	99	0	0	0	0	0	0	0	0	0	0	0	0	0	0	
819.324000	8	3	3	0	1	2	2	3280	11	26	49157	7	3	99	0	0	0	0	0	0	0	0	0	0	0	0	0	0	
820.330567	8	3	3	0	1	2	2	3286	10	25	49218	7	3	99	0	0	0	0	0	0	0	0	0	0	0	0	0	0	
821.315517	8	3	3	0	1	2	2	3292	11	26	49277	7	3	99	0	0	0	0	0	0	0	0	0	0	0	0	0	0	
822.324967	8	3	3	0	1	2	2	3298	9	26	49338	7	3	99	0	0	0	0	0	0	0	0	0	0	0	0	0	0	
823.332967	8	3	3	0	1	2	2	3303	10	26	49398	7	3	99	0	0	0	0	0	0	0	0	0	0	0	0	0	0	
824.316483	8	3	3	0	1	2	2	3308	10	26	49457	7	3	99	0	0	0	0	0	0	0	0	0	0	0	0	0	0	
825.323033	8	3	3	0	1	2	2	3313	11	26	49517	7	3	99	0	0	0	0	0	0	0	0	0	0	0	0	0	0	
826.329600	8	3	3	0	1	2	2	3318	10	25	49578	7	3	99	0	0	0	0	0	0	0	0	0	0	0	0	0	0	
827.331833	8	3	3	0	1	2	2	3323	12	25	49638	7	3	99	0	0	0	0	0	0	0	0	0	0	0	0	0	0	
828.319683	8	3	3	0	1	2	2	3328	11	26	49697	7	3	99	0	0	0	0	0	0	0	0	0	0	0	0	0	0	
829.327683	8	3	3	0	1	2	2	3332	10	25	49757	7	3	99	0	0	0	0	0	0	0	0	0	0	0	0	0	0	
830.329917	8	3	3	0	1	2	2	3337	10	26	49818	7	3	99	0	0	0	0	0	0	0	0	0	0	0	0	0	0	
831.317767	8	3	3	0	1	2	2	3341	11	26	49877	7	3	99	0	0	0	0	0	0	0	0	0	0	0	0	0	0	
832.321433	8	3	3	0	1	2	2	3345	10	26	49937	7	3	99	0	0	0	0	0	0	0	0	0	0	0	0	0	0	
833.328000	8	3	3	0	1	2	2	3349	10	26	49998	7	3	99	0	0	0	0	0	0	0	0	0	0	0	0	0	0	
834.333117	8	3	3	0	1	2	2	3353	10	26	50058	7	3	99	0	0	0	0	0	0	0	0	0	0	0	0	0	0	
835.319517	8	3	3	0	1	2	2	3357	10	25	50117	7	3	99	0	0	0	0	0	0	0	0	0	0	0	0	0	0	
836.324633	8	3	3	0	1	2	2	3360	10	26	50177	7	3	99	0	0	0	0	0	0	0	0	0	0	0	0	0	0	
837.332633	8	3	3	0	1	2	2	3364	10	26	50238	7	3	99	0	0	0	0	0	0	0	0	0	0	0	0	0	0	
838.316167	8	3	3	0	1	2	2	3368	10	26	50297	7	3	99	0	0	0	0	0	0	0	0	0	0	0	0	0	0	
839.322717	8	3	3	0	1	2	2	3371	11	26	50357	7	3	99	0	0	0	0	0	0	0	0	0	0	0	0	0	0	
840.329283	8	3	3	0	1	2	2	3374	11	26	50418	7	3	99	0	0	0	0	0	0	0	0	0	0	0	0	0	0	
841.332967	8	3	3	0	1	2	2	3377	11	26	50478	7	3	99	0	0	0	0	0	0	0	0	0	0	0	0	0	0	
842.319367	8	3	3	0	1	2	2	3381	10	26	50537	7	3	99	0	0	0	0	0	0	0	0	0	0	0	0	0	0	
843.324483	8	3	3	0	1	2	2	3384	11	26	50597	7	3	99	0	0	0	0	0	0	0	0	0	0	0	0	0	0	
844.329600	8	3	3	0	1	2	2	3387	10	26	50658	7	3	99	0	0	0	0	0	0	0	0	0	0	0	0	0	0	
845.336167	8	3	3	0	1	2	2	3390	11	26	50718	7	3	99	0	0	0	0	0	0	0	0	0	0	0	0	0	0	
846.321117	8	3	3	0	1	2	2	3393	11	26	50777	7	3	99	0	0	0	0	0	0	0	0	0	0	0	0	0	0	
847.327683	8	3	3	0	1	2	2	3396	12	26	50838	7	3	99	0	0	0	0	0	0	0	0	0	0	0	0	0	0	
848.334233	8	3	3	0	1	2	2	3399	11	26	50898	7	3	99	0	0	0	0	0	0	0	0	0	0	0	0	0	0	
849.319200	8	3	3	0	1	2	2	3402	11	26	50957	7	3	99	0	0	0	0	0	0	0	0	0	0	0	0	0	0	
850.324317	8	3	3	0	1	2	2	3404	11	26	51017	7	3	99	0	0	0	0	0	0	0	0	0	0	0	0	0	0	
851.332317	8	3	3	0	1	2	2	3407	11	26	51078	7	3	99	0	0	0	0	0	0	0	0	0	0	0	0	0	0	
852.334567	8	3	3	0	1	2	2	3409	12	26	51138	7	3	99	0	0	0	0	0	0	0	0	0	0	0	0	0	0	
853.322400	8	3	3	0	1	2	2	3412	11	26	51197	7	3	99	0	0	0	0	0	0	0	0	0	0	0	0	0	0	
854.326083	8	3	3	0	1	2	2	3414	11	26	51257	7	3	99	0	0	0	0	0	0	0	0	0	0	0	0	0	0	
855.332633	8	3	3	0	1	2	2	3417	11	26	51318	7	3	99	0	0	0	0	0	0	0	0	0	0	0	0	0	0	
856.319033	8	3	3	0	1	2	2	3420	11	26	51377	7	3	99	0	0	0	0	0	0	0	0	0	0	0	0	0	0	
857.327033	8	3	3	0	1	2	2	3422	11	25	51438	7	3	99	0	0	0	0	0	0	0	0	0	0	0	0	0	0	
858.333600	8	3	3	0	1	2	2	3424	10	26	51498	7	3	99	0	0	0	0	0	0	0	0	0	0	0	0	0	0	
859.322883	8	3	3	0	1	2	2	3427	12	26	51557	7	3	99	0	0	0	0	0	0	0	0	0	0	0	0	0	0	
860.325117	8	3	3	0	1	2	2	3429	10	26	51617	7	3	99	0	0	0	0	0	0	0	0	0	0	0	0	0	0	
861.330233	8	3	3	0	1	2	2	3431	10	26	51678	7	3	99	0	0	0	0	0	0	0	0	0	0	0	0	0	0	
862.336800	8	3	3	0	1	2	2	3433	10	26	51738	7	3	99	0	0	0	0	0	0	0	0	0	0	0	0	0	0	
863.321767	8	3	3	0	1	2	2	3435	11	26	51797	7	3	99	0	0	0	0	0	0	0	0	0	0	0	0	0	0	
864.328317	8	3	3	0	1	2	2	3438	12	26	51857	7	3	99	0	0	0	0	0	0	0	0	0	0	0	0	0	0	
865.333433	8	3	3	0	1	2	2	3440	12	26	51918	7	3	99	0	0	0	0	0	0	0	0	0	0	0	0	0	0	
866.319833	8	3	3	0	1	2	2	3442	11	26	51977	7	3	99	0	0	0	0	0	0	0	0	0	0	0	0	0	0	
867.324967	8	3	3	0	1	2	2	3444	10	26	52037	7	3	99	0	0	0	0	0	0	0	0	0	0	0	0	0	0	
868.331517	8	3	3	0	1	2	2	3446	11	25	52098	7	3	99	0	0	0	0	0	0	0	0	0	0	0	0	0	0	
869.339517	8	3	3	0	1	2	2	3448	11	26	52158	7	3	99	0	0	0	0	0	0	0	0	0	0	0	0	0	0	
870.323033	8	3	3	0	1	2	2	3450	12	26	52217	7	3	99	0	0	0	0	0	0	0	0	0	0	0	0	0	0	
871.331033	8	3	3	0	1	2	2	3452	12	26	52277	7	3	99	0	0	0	0	0	0	0	0	0	0	0	0	0	0	
872.333283	8	3	3	0	1	2	2	3454	10	26	52338	7	3	99	0	0	0	0	0	0	0	0	0	0	0	0	0	0	
873.321117	8	3	3	0	1	2	2	3456	11	26	52397	7	3	99	0	0	0	0	0	0	0	0	0	0	0	0	0	0	
874.327683	8	3	3	0	1	2	2	3458	12	26	52457	7	3	99	0	0	0	0	0	0	0	0	0	0	0	0	0	0	
875.335683	8	3	3	0	1	2	2	3460	11	26	52518	7	3	99	0	0	0	0	0	0	0	0	0	0	0	0	0	0	
876.322083	8	3	3	0	1	2	2	3461	11	26	52577	7	3	99	0	0	0	0	0	0	0	0	0	0	0	0	0	0	
877.330083	8	3	3	0	1	2	2	3464	9	26	52637	7	3	99	0	0	0	0	0	0	0	0	0	0	0	0	0	0	
878.332317	8	3	3	0	1	2	2	3465	9	26	52698	7	3	99	0	0	0	0	0	0	0	0	0	0	0	0	0	0	
879.320167	8	3	3	0	1	2	2	3466	10	26	52757	7	3	99	0	0	0	0	0	0	0	0	0	0	0	0	0	0	
880.328167	8	3	3	0	1	2	2	3468	10	26	52817	7	3	99	0	0	0	0	0	0	0	0	0	0	0	0	0	0	
881.330400	8	3	3	0	1	2	2	3470	9	26	52878	7	3	99	0	0	0	0	0	0	0	0	0	0	0	0	0	0	
882.336967	8	3	3	0	1	2	2	3471	9	26	52938	7	3	99	0	0	0	0	0	0	0	0	0	0	0	0	0	0	
883.324800	8	3	3	0	1	2	2	3472	9	26	52997	7	3	99	0	0	0	0	0	0	0	0	0	0	0	0	0	0	
884.327033	8	3	3	0	1	2	2	3474	8	26	53057	7	3	99	0	0	0	0	0	0	0	0	0	0	0	0	0	0	
885.333600	8	3	3	0	1	2	2	3475	8	26	53118	7	3	99	0	0	0	0	0	0	0	0	0	0	0	0	0	0	
886.322883	8	3	3	0	1	2	2	3476	7	25	53177	7	3	99	0	0	0	0	0	0	0	0	0	0	0	0	0	0	
887.325117	8	3	3	0	1	2	2	3477	7	26	53237	7	3	99	0	0	0	0	0	0	0	0	0	0	0	0	0	0	
888.331683	8	3	3	0	1	2	2	3478	6	25	53298	7	3	99	0	0	0	0	0	0	0	0	0	0	0	0	0	0	
889.336800	8	3	3	0	1	2	2	3480	6	25	53358	7	3	99	0	0	0	0	0	0	0	0	0	0	0	0	0	0	
890.323200	8	3	3	0	1	2	2	3481	6	25	53417	7	3	99	0	0	0	0	0	0	0	0	0	0	0	0	0	0	
891.328317	8	3	3	0	1	2	2	3482	6	25	53477	7	3	99	0	0	0	0	0	0	0	0	0	0	0	0	0	0	
892.336317	8	3	3	0	1	2	2	3483	6	25	53538	7	3	99	0	0	0	0	0	0	0	0	0	0	0	0	0	0	
893.338567	8	3	3	0	1	2	2	3484	6	25	53598	7	3	99	0	0	0	0	0	0	0	0	0	0	0	0	0	0	
894.326400	8	3	3	0	1	2	2	3485	6	25	53657	7	3	99	0	0	0	0	0	0	0	0	0	0	0	0	0	0	
895.332967	8	3	3	0	1	2	2	3486	5	25	53718	7	3	99	0	0	0	0	0	0	0	0	0	0	0	0	0	0	
896.336633	8	3	3	0	1	2	2	3487	4	25	53778	7	3	99	0	0	0	0	0	0	0	0	0	0	0	0	0	0	
897.324483	8	3	3	0	1	2	2	3488	6	25	53837	7	3	99	0	0	0	0	0	0	0	0	0	0	0	0	0	0	
898.328167	8	3	3	0	1	2	2	3489	5	25	53897	7	3	99	0	0	0	0	0	0	0	0	0	0	0	0	0	0	
899.333283	8	3	3	0	1	2	2	3490	5	25	53958	7	3	99	0	0	0	0	0	0	0	0	0	0	0	0	0	0	
900.339833	8	3	3	0	1	2	2	3490	5	25	54018	7	3	99	0	0	0	0	0	0	0	0	0	0	0	0	0	0	
901.324800	8	3	3	0	1	2	2	3492	4	25	54077	7	3	99	0	0	0	0	0	0	0	0	0	0	0	0	0	0	
902.331367	8	3	3	0	1	2	2	3492	6	25	54138	7	3	99	0	0	0	0	0	0	0	0	0	0	0	0	0	0	
903.336483	8	3	3	0	1	2	2	3494	4	25	54198	7	3	99	0	0	0	0	0	0	0	0	0	0	0	0	0	0	
904.322883	8	3	3	0	1	2	2	3494	4	25	54257	7	3	99	0	0	0	0	0	0	0	0	0	0	0	0	0	0	
905.328000	8	3	3	0	1	2	2	3495	5	25	54317	7	3	99	0	0	0	0	0	0	0	0	0	0	0	0	0	0	
906.334567	8	3	3	0	1	2	2	3496	4	25	54378	7	3	99	0	0	0	0	0	0	0	0	0	0	0	0	0	0	
907.341117	8	3	3	0	1	2	2	3497	4	25	54438	7	3	99	0	0	0	0	0	0	0	0	0	0	0	0	0	0	
908.326083	8	3	3	0	1	2	2	3497	3	25	54497	7	3	99	0	0	0	0	0	0	0	0	0	0	0	0	0	0	
909.331200	8	3	3	0	1	2	2	3498	4	25	54557	7	3	99	0	0	0	0	0	0	0	0	0	0	0	0	0	0	
910.339200	8	3	3	0	1	2	2	3499	5	25	54618	7	3	99	0	0	0	0	0	0	0	0	0	0	0	0	0	0	
911.322717	8	3	3	0	1	2	2	3500	4	25	54677	7	3	99	0	0	0	0	0	0	0	0	0	0	0	0	0	0	
912.329283	8	3	3	0	1	2	2	3500	4	25	54737	7	3	99	0	0	0	0	0	0	0	0	0	0	0	0	0	0	
913.337283	8	3	3	0	1	2	2	3501	4	25	54798	7	3	99	0	0	0	0	0	0	0	0	0	0	0	0	0	0	
914.339517	8	3	3	0	1	2	2	3502	3	25	54858	7	3	99	0	0	0	0	0	0	0	0	0	0	0	0	0	0	
915.327367	8	3	3	0	1	2	2	3503	3	25	54917	7	3	99	0	0	0	0	0	0	0	0	0	0	0	0	0	0	
916.331033	8	3	3	0	1	2	2	3504	4	25	54977	7	3	99	0	0	0	0	0	0	0	0	0	0	0	0	0	0	
917.336167	8	3	3	0	1	2	2	3504	4	25	55038	7	3	99	0	0	0	0	0	0	0	0	0	0	0	0	0	0	
918.325433	8	3	3	0	1	2	2	3505	3	25	55097	7	3	99	0	0	0	0	0	0	0	0	0	0	0	0	0	0	
919.327683	8	3	3	0	1	2	2	3506	3	25	55157	7	3	99	0	0	0	0	0	0	0	0	0	0	0	0	0	0	
919.896483	8	10	2	0	0	17	0	3509	0	25	55191	7	3	99	0	0	0	0	0	0	0	0	0	0	0	0	0	0	
919.918083	8	10	2	0	0	17	0	3511	0	25	55191	7	3	99	0	0	0	0	0	0	0	0	0	0	0	0	0	0	
